0.018256321324023623
0.011332000461265672
0.00789897340975074
0.0061369806386942505
0.005148943297979876
0.004523794158747175
0.004092286920748944
0.003776409506687419
0.0035376624466687515
0.003353547943909314
0.0032098089821014433
0.003096955225806631
0.003008307464320466
0.0029388715684558592
0.0028847300644311517
0.002842729613719119
0.0028103063804055723
0.0027853784976731564
0.002766269646489122
0.00275165104700752
0.002740475710183114
0.0027319329695451315
0.0027254007599928276
0.002720398811173693
0.0027165644743637443
0.0027175139979235814
0.002712093502763449
0.002709959487118048
0.00270847119217899
0.002707354627803168
0.00270650154562898
0.002705846438620589
0.002705341875969697
0.002704952096452142
0.002704648356115512
0.0027044136947868757
0.0027224373343647666
0.002704661355386715
0.002703855816667411
0.0027037606841230927
0.0027037389019458208
0.002703714483805916
0.0027036886527877853
0.002703665098667847
0.0027036451576013306
0.002703628221267039
0.0027036155064410305
0.002703604354963771
0.0027035962931184683
0.0027035885974682765
