0.025879102658219397
0.009279687679817628
0.006830843177380835
0.005776780908096843
0.00510481703147043
0.0044791993590896344
0.0040864899971783395
0.003843168424039035
0.0036323493918267546
0.003452499169829616
0.003295318132517029
0.003163366902925098
0.0030560540727741577
0.0030040395536769927
0.0029598747106279384
0.002924096073668337
0.002895079098959234
0.002870391204468995
0.0028486977503553424
0.0028316814599411893
0.0028162345357475044
0.0028060724445104087
0.0027898484435018482
0.0027793457521760397
0.002769946238299636
0.002761540708564382
0.002754060029694336
0.0027473936332715974
0.0027415512894705873
0.002736555393503469
0.002731812186539173
0.002727678566069971
0.0027241022381664605
0.002720985382444605
0.002718263363838641
0.0027158885664428185
0.0027141877014232965
0.002713176159330519
0.0027101125778922525
0.002708921573053642
0.0027078109936845033
0.0027068180739649745
0.0027059442333092583
0.002705181543333426
0.0027045164575020242
0.0027039386845523028
0.0027034365671952283
0.0027030005821755015
0.002702622620368845
0.0027022944587382198
