1693629000700 0.06743162125349045 0
1693629000808 0.0984242707490921 0
1693629000911 0.1298520714044571 0
1693629001031 0.14511272311210632 0
1693629001132 0.1652156263589859 0
1693629001242 0.1906520426273346 0
1693629001336 0.203367680311203 0
1693629001434 0.2323717325925827 0
1693629001536 0.3774943947792053 0
1693629001654 0.5525820255279541 0
1693629001760 0.6306331157684326 0
1693629001869 0.6624932885169983 0
1693629001988 0.7115770578384399 0
1693629002113 0.7363770008087158 0
1693629002226 0.75843346118927 0
1693629002332 0.7644472122192383 0
1693629002440 0.7769792675971985 0
1693629002537 0.7786360383033752 0
1693629002647 0.7837296724319458 0
1693629002749 0.7974522709846497 0
1693629002864 0.8149569630622864 0
1693629002973 0.8347958326339722 0
1693629003079 0.9111038446426392 0
1693629003176 0.9395747780799866 0
1693629003281 0.9545844793319702 0
1693629003379 0.9656767845153809 0
1693629003486 1.0527803897857666 0
1693629003582 1.15739107131958 0
1693629003696 1.1802377700805664 0
1693629003801 1.3443129062652588 0
1693629003911 1.429457664489746 0
1693629004019 1.5220496654510498 0
1693629004128 1.5281707048416138 0
1693629004234 1.5573275089263916 0
1693629004336 1.5584980249404907 0
1693629004446 1.6206837892532349 0
1693629004548 1.7171424627304077 0
1693629004659 1.7818363904953003 0
1693629004757 1.9715746641159058 0
1693629004864 2.0172901153564453 0
1693629004968 2.0945193767547607 0
1693629005085 2.1718595027923584 0
1693629005184 2.231656551361084 0
1693629005282 2.2767536640167236 0
1693629005397 2.3031413555145264 0
1693629005514 2.318743944168091 0
1693629005622 2.358955144882202 0
1693629005718 2.3978936672210693 0
1693629005820 2.4422736167907715 0
1693629005919 2.5107877254486084 0
1693629006024 2.5671756267547607 0
1693629006136 2.5758960247039795 0
1693629006233 2.6370558738708496 0
1693629006334 2.7154252529144287 0
1693629006435 2.7395427227020264 0
1693629006548 2.751420736312866 0
1693629006647 2.7826390266418457 0
1693629006752 2.7905540466308594 0
1693629006850 2.8278799057006836 0
1693629006952 2.8432343006134033 0
1693629007061 2.867983341217041 0
1693629007156 2.917227029800415 0
1693629007261 2.9741902351379395 0
1693629007354 2.984724521636963 0
1693629007454 2.9939680099487305 0
1693629007567 3.0007033348083496 0
1693629007679 3.018332004547119 0
1693629007775 3.042830467224121 0
1693629007879 3.0534346103668213 0
1693629007982 3.0796127319335938 0
1693629008084 3.1157546043395996 0
1693629008184 3.1494369506835938 0
1693629008288 3.1509859561920166 0
1693629008384 3.1589508056640625 0
1693629008468 3.1638200283050537 0
1693629008571 3.171933889389038 0
1693629008664 3.195201873779297 0
1693629008768 3.214517831802368 0
1693629008856 3.2180798053741455 0
1693629008957 3.2616305351257324 0
1693629009057 3.3112940788269043 0
1693629009151 3.326300859451294 0
1693629009250 3.3284356594085693 0
1693629009342 3.342843770980835 0
1693629009441 3.350086212158203 0
1693629009546 3.3590939044952393 0
1693629009638 3.3781752586364746 0
1693629009742 3.3928163051605225 0
1693629009844 3.400083065032959 0
1693629009942 3.4155118465423584 0
1693629010034 3.42547607421875 0
1693629010128 3.43477463722229 0
1693629010229 3.4428348541259766 0
1693629010328 3.4566094875335693 0
1693629010434 3.4669551849365234 0
1693629010533 3.4712696075439453 0
1693629010623 3.4867475032806396 0
1693629010711 3.5020551681518555 0
1693629010808 3.5787129402160645 0
1693629010892 3.6225595474243164 0
1693629010984 3.62648606300354 0
1693629011079 3.6365466117858887 0
1693629011168 3.6409971714019775 0
1693629011259 3.642212152481079 0
1693629011352 3.6716721057891846 0
1693629011438 3.674508810043335 0
1693629011530 3.682936906814575 0
1693629011632 3.707597255706787 0
1693629011736 3.729414463043213 0
1693629011840 3.7385413646698 0
1693629011930 3.7519030570983887 0
1693629012034 3.7766191959381104 0
1693629012134 3.7828595638275146 0
1693629012224 3.785372734069824 0
1693629012320 3.798626184463501 0
1693629012421 3.8151423931121826 0
1693629012520 3.8219399452209473 0
1693629012612 3.835836410522461 0
1693629012710 3.8387107849121094 0
1693629012814 3.843825578689575 0
1693629012911 3.848520517349243 0
1693629013010 3.8488893508911133 0
1693629013107 3.8513600826263428 0
1693629013195 3.8956491947174072 0
1693629013291 4.118028163909912 0
1693629013389 4.3964338302612305 0
1693629013488 4.486222743988037 0
1693629013586 4.517489910125732 0
1693629013682 4.636822700500488 0
1693629013781 4.692192077636719 0
1693629013880 4.697364807128906 0
1693629013967 4.702531814575195 0
1693629014072 4.710371494293213 0
1693629014175 4.7243804931640625 0
1693629014267 4.7395195960998535 0
1693629014362 4.745991230010986 0
1693629014473 4.762922286987305 0
1693629014587 4.765789031982422 0
1693629014691 4.790848255157471 0
1693629014779 4.9188127517700195 0
1693629014865 4.9827117919921875 0
1693629014956 5.060175895690918 0
1693629015045 5.081322193145752 0
1693629015136 5.109028339385986 0
1693629015225 5.12076997756958 0
1693629015327 5.1281890869140625 0
1693629015416 5.142486095428467 0
1693629015521 5.157691478729248 0
1693629015614 5.173794269561768 0
1693629015718 5.195849418640137 0
1693629015812 5.218237400054932 0
1693629015900 5.276836395263672 0
1693629016002 5.352994918823242 0
1693629016108 5.369907379150391 0
1693629016209 5.379239559173584 0
1693629016297 5.397347450256348 0
1693629016395 5.420385837554932 0
1693629016494 5.443847179412842 0
1693629016602 5.477780342102051 0
1693629016691 5.481837272644043 0
1693629016778 5.483818531036377 0
1693629016877 5.501189708709717 0
1693629016974 5.506040096282959 0
1693629017068 5.514833927154541 0
1693629017152 5.54191255569458 0
1693629017245 5.577373504638672 0
1693629017332 5.604881286621094 0
1693629017432 5.617813587188721 0
1693629017522 5.637578010559082 0
1693629017619 5.645267486572266 0
1693629017720 5.654260158538818 0
1693629017816 5.688457489013672 0
1693629017908 5.706045627593994 0
1693629018010 5.72567892074585 0
1693629018114 5.779960632324219 0
1693629018217 5.8491973876953125 0
1693629018315 5.867947578430176 0
1693629018417 5.8825483322143555 0
1693629018518 5.907601833343506 0
1693629018618 5.9199018478393555 0
1693629018712 6.003803730010986 0
1693629018802 6.013149261474609 0
1693629018902 6.018925666809082 0
1693629019005 6.041816711425781 0
1693629019104 6.044778823852539 0
1693629019207 6.058429718017578 0
1693629019301 6.084488391876221 0
1693629019390 6.096594333648682 0
1693629019492 6.123003005981445 0
1693629019590 6.133111000061035 0
1693629019683 6.134415149688721 0
1693629019775 6.163256645202637 0
1693629019877 6.1677565574646 0
1693629019973 6.1766486167907715 0
1693629020070 6.191492557525635 0
1693629020165 6.209428787231445 0
1693629020264 6.216269493103027 0
1693629020352 6.217475414276123 0
1693629020448 6.233460426330566 0
1693629020546 6.23706579208374 0
1693629020639 6.251756191253662 0
1693629020733 6.276631832122803 0
1693629020829 6.31266975402832 0
1693629020931 6.3154191970825195 0
1693629021025 6.324884414672852 0
1693629021125 6.3304548263549805 0
1693629021227 6.359359264373779 0
1693629021332 6.369758605957031 0
1693629021424 6.379824638366699 0
1693629021520 6.386257648468018 0
1693629021616 6.409493923187256 0
1693629021715 6.6084303855896 0
1693629021807 6.84273099899292 0
1693629021897 6.911783695220947 0
1693629021994 6.962711811065674 0
1693629022085 6.988459587097168 0
1693629022179 6.998437404632568 0
1693629022270 7.029960632324219 0
1693629022364 7.099516868591309 0
1693629022477 7.178342819213867 0
1693629022571 7.245267868041992 0
1693629022674 7.290432929992676 0
1693629022777 7.317987442016602 0
1693629022908 7.32811164855957 0
1693629023020 7.3456130027771 0
1693629023118 7.347398281097412 0
1693629023214 7.364741325378418 0
1693629023314 7.371309757232666 0
1693629023421 7.458463191986084 0
1693629023537 7.685253143310547 0
1693629023650 7.791180610656738 0
1693629023749 7.794277191162109 0
1693629023845 7.841841697692871 0
1693629023948 7.855713844299316 0
1693629024064 7.862044334411621 0
1693629024167 7.864372253417969 0
1693629024270 7.9007792472839355 0
1693629024374 7.932887554168701 0
1693629024480 7.961384296417236 0
1693629024574 7.987125873565674 0
1693629024669 8.00991439819336 0
1693629024775 8.011301040649414 0
1693629024910 8.035402297973633 0
1693629025025 8.047445297241211 0
1693629025124 8.081412315368652 0
1693629025215 8.101433753967285 0
1693629025315 8.111991882324219 0
1693629025402 8.127677917480469 0
1693629025505 8.164798736572266 0
1693629025603 8.173480987548828 0
1693629025697 8.188834190368652 0
1693629025798 8.193965911865234 0
1693629025907 8.194470405578613 0
1693629025999 8.198046684265137 0
1693629026099 8.208488464355469 0
1693629026194 8.218572616577148 0
1693629026284 8.243640899658203 0
1693629026380 8.249781608581543 0
1693629026482 8.2534818649292 0
1693629026580 8.2627534866333 0
1693629026680 8.288858413696289 0
1693629026780 8.308938026428223 0
1693629026879 8.331707954406738 0
1693629026983 8.433262825012207 0
1693629027082 8.616039276123047 0
1693629027187 8.656439781188965 0
1693629027277 8.665350914001465 0
1693629027371 8.679203987121582 0
1693629027464 8.729208946228027 0
1693629027559 8.853919982910156 0
1693629027654 8.894868850708008 0
1693629027753 8.899015426635742 0
1693629027860 8.91208267211914 0
1693629027950 8.943357467651367 0
1693629028041 8.961302757263184 0
1693629028134 8.964268684387207 0
1693629028225 8.969178199768066 0
1693629028311 8.981738090515137 0
1693629028397 9.014686584472656 0
1693629028485 9.031713485717773 0
1693629028586 9.036170959472656 0
1693629028680 9.059203147888184 0
1693629028780 9.165678977966309 0
1693629028882 9.274497985839844 0
1693629028980 9.286951065063477 0
1693629029081 9.290526390075684 0
1693629029181 9.31076717376709 0
1693629029286 9.38930606842041 0
1693629029380 9.418599128723145 0
1693629029467 9.422503471374512 0
1693629029569 9.440116882324219 0
1693629029669 9.45035171508789 0
1693629029766 9.480156898498535 0
1693629029859 9.486044883728027 0
1693629029956 9.49411678314209 0
1693629030051 9.50201416015625 0
1693629030147 9.534820556640625 0
1693629030244 9.546365737915039 0
1693629030335 9.568819046020508 0
1693629030424 9.602375030517578 0
1693629030516 9.668341636657715 0
1693629030611 9.711881637573242 0
1693629030706 9.775311470031738 0
1693629030803 9.776288032531738 0
1693629030900 9.813610076904297 0
1693629031004 9.877093315124512 0
1693629031100 9.940275192260742 0
1693629031186 9.971284866333008 0
1693629031282 9.998153686523438 0
1693629031375 10.001992225646973 0
1693629031469 10.008158683776855 0
1693629031577 10.062535285949707 0
1693629031677 10.076869010925293 0
1693629031764 10.080843925476074 0
1693629031862 10.132444381713867 0
1693629031963 10.148054122924805 0
1693629032065 10.15528678894043 0
1693629032163 10.218944549560547 0
1693629032264 10.237739562988281 0
1693629032354 10.269914627075195 0
1693629032451 10.278165817260742 0
1693629032558 10.288435935974121 0
1693629032652 10.312990188598633 0
1693629032744 10.334507942199707 0
1693629032844 10.347421646118164 0
1693629032950 10.36493968963623 0
1693629033045 10.388522148132324 0
1693629033140 10.404400825500488 0
1693629033237 10.416125297546387 0
1693629033333 10.452231407165527 0
1693629033430 10.462305068969727 0
1693629033537 10.466968536376953 0
1693629033637 10.479992866516113 0
1693629033730 10.507570266723633 0
1693629033827 10.513162612915039 0
1693629033920 10.515867233276367 0
1693629034017 10.53381633758545 0
1693629034111 10.553237915039062 0
1693629034206 10.570263862609863 0
1693629034297 10.603935241699219 0
1693629034406 10.680330276489258 0
1693629034518 10.685722351074219 0
1693629034619 10.688941955566406 0
1693629034718 10.690176010131836 0
1693629034827 10.691471099853516 0
1693629034930 10.725506782531738 0
1693629035044 10.735503196716309 0
1693629035183 10.736544609069824 0
1693629035304 10.739852905273438 0
1693629035404 10.755216598510742 0
1693629035500 10.7643404006958 0
1693629035592 10.772310256958008 0
1693629035692 10.778777122497559 0
1693629035788 10.784238815307617 0
1693629035878 10.789067268371582 0
1693629035981 10.798637390136719 0
1693629036074 10.800634384155273 0
1693629036172 10.809342384338379 0
1693629036266 10.823756217956543 0
1693629036354 10.828680992126465 0
1693629036444 10.832736015319824 0
1693629036532 10.864587783813477 0
1693629036620 10.88095760345459 0
1693629036722 10.889713287353516 0
1693629036812 10.89279842376709 0
1693629036911 10.914637565612793 0
1693629037037 10.929022789001465 0
1693629037157 11.00372314453125 0
1693629037254 11.032933235168457 0
1693629037358 11.038688659667969 0
1693629037450 11.071145057678223 0
1693629037558 11.087788581848145 0
1693629037661 11.099532127380371 0
1693629037765 11.110040664672852 0
1693629037867 11.150006294250488 0
1693629037962 11.169034004211426 0
1693629038043 11.205546379089355 0
1693629038136 11.277900695800781 0
1693629038238 11.307267189025879 0
1693629038332 11.346951484680176 0
1693629038426 11.357257843017578 0
1693629038524 11.368953704833984 0
1693629038619 11.375842094421387 0
1693629038716 11.381341934204102 0
1693629038828 11.418514251708984 0
1693629038927 11.447959899902344 0
1693629039025 11.48625659942627 0
1693629039128 11.492197036743164 0
1693629039221 11.523931503295898 0
1693629039307 11.537984848022461 0
1693629039406 11.540495872497559 0
1693629039506 11.551765441894531 0
1693629039599 11.557016372680664 0
1693629039700 11.562541007995605 0
1693629039796 11.567602157592773 0
1693629039899 11.592598915100098 0
1693629040000 11.59744644165039 0
1693629040098 11.605669021606445 0
1693629040200 11.611499786376953 0
1693629040297 11.619736671447754 0
1693629040396 11.639628410339355 0
1693629040490 11.666108131408691 0
1693629040615 11.721359252929688 0
1693629040707 11.735411643981934 0
1693629040807 11.753925323486328 0
1693629040912 11.765059471130371 0
1693629041012 11.765782356262207 0
1693629041104 11.771254539489746 0
1693629041194 11.785728454589844 0
1693629041276 11.797592163085938 0
1693629041365 11.808185577392578 0
1693629041449 11.811589241027832 0
1693629041551 11.814298629760742 0
1693629041650 11.821991920471191 0
1693629041748 11.830331802368164 0
1693629041851 11.83440113067627 0
1693629041941 11.849257469177246 0
1693629042035 11.871755599975586 0
1693629042130 11.88049602508545 0
1693629042244 11.883996963500977 0
1693629042341 11.886934280395508 0
1693629042430 11.894850730895996 0
1693629042523 11.93159294128418 0
1693629042609 11.951970100402832 0
1693629042704 11.955610275268555 0
1693629042793 11.966157913208008 0
1693629042895 11.973094940185547 0
1693629042992 11.976290702819824 0
1693629043105 11.983688354492188 0
1693629043212 11.99537181854248 0
1693629043314 12.004816055297852 0
1693629043403 12.012487411499023 0
1693629043503 12.033319473266602 0
1693629043608 12.041173934936523 0
1693629043718 12.043789863586426 0
1693629043821 12.050925254821777 0
1693629043912 12.053250312805176 0
1693629044010 12.060309410095215 0
1693629044108 12.065553665161133 0
1693629044210 12.07479190826416 0
1693629044308 12.087146759033203 0
1693629044410 12.103533744812012 0
1693629044521 12.1525239944458 0
1693629044618 12.175704002380371 0
1693629044717 12.192614555358887 0
1693629044804 12.203837394714355 0
1693629044901 12.21548843383789 0
1693629045004 12.231934547424316 0
1693629045100 12.237228393554688 0
1693629045214 12.243618965148926 0
1693629045324 12.2579345703125 0
1693629045425 12.259751319885254 0
1693629045525 12.26140022277832 0
1693629045629 12.270257949829102 0
1693629045720 12.277827262878418 0
1693629045821 12.285252571105957 0
1693629045921 12.290048599243164 0
1693629046027 12.296487808227539 0
1693629046121 12.30588150024414 0
1693629046216 12.319673538208008 0
1693629046317 12.331901550292969 0
1693629046407 12.342939376831055 0
1693629046508 12.351274490356445 0
1693629046604 12.358258247375488 0
1693629046742 12.360512733459473 0
1693629046828 12.365621566772461 0
1693629046926 12.367246627807617 0
1693629047023 12.373427391052246 0
1693629047119 12.389262199401855 0
1693629047209 12.391166687011719 0
1693629047313 12.391794204711914 0
1693629047415 12.393198013305664 0
1693629047518 12.41454029083252 0
1693629047620 12.422789573669434 0
1693629047726 12.43583869934082 0
1693629047826 12.441102027893066 0
1693629047924 12.45278549194336 0
1693629048017 12.454560279846191 0
1693629048113 12.457951545715332 0
1693629048202 12.462021827697754 0
1693629048304 12.464491844177246 0
1693629048402 12.466967582702637 0
1693629048494 12.468179702758789 0
1693629048587 12.480293273925781 0
1693629048688 12.487038612365723 0
1693629048779 12.505038261413574 0
1693629048868 12.536275863647461 0
1693629048968 12.550638198852539 0
1693629049062 12.581640243530273 0
1693629049157 12.58784008026123 0
1693629049254 12.599987030029297 0
1693629049349 12.63347053527832 0
1693629049449 12.65417194366455 0
1693629049536 12.744529724121094 0
1693629049633 12.753791809082031 0
1693629049738 12.791046142578125 0
1693629049839 12.808001518249512 0
1693629049928 12.8107271194458 0
1693629050030 12.812278747558594 0
1693629050127 12.829170227050781 0
1693629050225 12.836857795715332 0
1693629050324 12.854287147521973 0
1693629050430 12.865118026733398 0
1693629050538 12.873333930969238 0
1693629050642 12.880084037780762 0
1693629050744 12.884385108947754 0
1693629050855 12.889223098754883 0
1693629050976 12.890193939208984 0
1693629051111 12.922657012939453 0
1693629051239 12.98049545288086 0
1693629051359 12.99875259399414 0
1693629051483 13.056427955627441 0
1693629051588 13.076688766479492 0
1693629051691 13.077284812927246 0
1693629051800 13.081535339355469 0
1693629051907 13.092418670654297 0
1693629052012 13.10423469543457 0
1693629052106 13.112635612487793 0
1693629052202 13.114364624023438 0
1693629052290 13.119795799255371 0
1693629052392 13.136905670166016 0
1693629052490 13.141226768493652 0
1693629052588 13.142128944396973 0
1693629052686 13.152277946472168 0
1693629052783 13.159101486206055 0
1693629052878 13.172470092773438 0
1693629052974 13.181918144226074 0
1693629053062 13.191627502441406 0
1693629053155 13.194878578186035 0
1693629053247 13.204916000366211 0
1693629053341 13.229133605957031 0
1693629053428 13.232660293579102 0
1693629053526 13.235702514648438 0
1693629053616 13.23921012878418 0
1693629053709 13.243321418762207 0
1693629053799 13.247117042541504 0
1693629053884 13.2783784866333 0
1693629053980 13.291083335876465 0
1693629054074 13.304035186767578 0
1693629054169 13.304924964904785 0
1693629054249 13.30722427368164 0
1693629054335 13.328237533569336 0
1693629054419 13.337940216064453 0
1693629054504 13.347121238708496 0
1693629054587 13.36294174194336 0
1693629054671 13.376193046569824 0
1693629054760 13.384363174438477 0
1693629054857 13.38748836517334 0
1693629054948 13.39426326751709 0
1693629055028 13.397729873657227 0
1693629055121 13.398890495300293 0
1693629055213 13.412293434143066 0
1693629055306 13.41838550567627 0
1693629055389 13.420181274414062 0
1693629055491 13.442538261413574 0
1693629055580 13.494514465332031 0
1693629055675 13.49704360961914 0
1693629055770 13.516377449035645 0
1693629055864 13.542768478393555 0
1693629055953 13.576570510864258 0
1693629056057 13.597030639648438 0
1693629056151 13.613739967346191 0
1693629056238 13.62553596496582 0
1693629056350 13.640594482421875 0
1693629056479 13.685213088989258 0
1693629056592 13.743403434753418 0
1693629056704 13.769820213317871 0
1693629056809 13.8062162399292 0
1693629056914 13.822815895080566 0
1693629057032 13.825274467468262 0
1693629057157 13.826459884643555 0
1693629057257 13.835206031799316 0
1693629057358 13.841203689575195 0
1693629057458 13.842334747314453 0
1693629057566 13.847329139709473 0
1693629057665 13.854225158691406 0
1693629057774 13.856304168701172 0
1693629057869 13.861607551574707 0
1693629057974 13.8656587600708 0
1693629058064 13.873035430908203 0
1693629058157 13.876108169555664 0
1693629058264 13.877607345581055 0
1693629058354 13.880474090576172 0
1693629058458 13.891209602355957 0
1693629058551 13.894242286682129 0
1693629058652 13.8964262008667 0
1693629058745 13.89960765838623 0
1693629058835 13.90169620513916 0
1693629058925 13.905055046081543 0
1693629059029 13.910326957702637 0
1693629059126 13.922677993774414 0
1693629059226 13.927181243896484 0
1693629059331 13.930755615234375 0
1693629059422 13.934020042419434 0
1693629059554 13.939842224121094 0
1693629059660 13.945111274719238 0
1693629059760 13.950519561767578 0
1693629059859 13.961657524108887 0
1693629059961 14.0064115524292 0
1693629060062 14.088366508483887 0
1693629060166 14.172179222106934 0
1693629060269 14.288421630859375 0
1693629060361 14.308308601379395 0
1693629060461 14.35916805267334 0
1693629060552 14.361505508422852 0
1693629060642 14.369153022766113 0
1693629060728 14.382386207580566 0
1693629060823 14.38408374786377 0
1693629060914 14.396357536315918 0
1693629061014 14.3980131149292 0
1693629061125 14.404494285583496 0
1693629061217 14.409517288208008 0
1693629061309 14.417912483215332 0
1693629061403 14.427209854125977 0
1693629061518 14.431483268737793 0
1693629061612 14.475560188293457 0
1693629061706 14.501663208007812 0
1693629061798 14.567544937133789 0
1693629061886 14.591485023498535 0
1693629061978 14.595006942749023 0
1693629062072 14.60033893585205 0
1693629062164 14.608121871948242 0
1693629062277 14.613438606262207 0
1693629062375 14.617271423339844 0
1693629062472 14.62836742401123 0
1693629062563 14.632184982299805 0
1693629062663 14.639904022216797 0
1693629062761 14.64566421508789 0
1693629062859 14.648210525512695 0
1693629062950 14.656539916992188 0
1693629063049 14.662006378173828 0
1693629063132 14.667139053344727 0
1693629063220 14.683302879333496 0
1693629063309 14.69946575164795 0
1693629063406 14.719244003295898 0
1693629063499 14.741537094116211 0
1693629063594 14.7444486618042 0
1693629063683 14.760659217834473 0
1693629063771 14.782197952270508 0
1693629063860 14.786783218383789 0
1693629063955 14.788037300109863 0
1693629064052 14.794276237487793 0
1693629064144 14.79975414276123 0
1693629064232 14.808615684509277 0
1693629064321 14.81715202331543 0
1693629064413 14.819391250610352 0
1693629064502 14.865196228027344 0
1693629064595 14.873015403747559 0
1693629064682 14.875067710876465 0
1693629064762 14.885977745056152 0
1693629064853 14.890666007995605 0
1693629064939 14.892815589904785 0
1693629065035 14.896442413330078 0
1693629065124 14.898780822753906 0
1693629065215 14.901832580566406 0
1693629065305 14.90937614440918 0
1693629065406 14.925671577453613 0
1693629065492 14.929347038269043 0
1693629065590 14.939338684082031 0
1693629065684 14.944159507751465 0
1693629065775 14.946085929870605 0
1693629065858 14.949418067932129 0
1693629065957 14.951659202575684 0
1693629066064 14.954935073852539 0
1693629066158 14.972891807556152 0
1693629066245 14.986772537231445 0
1693629066331 14.991620063781738 0
1693629066418 14.994169235229492 0
1693629066511 15.004087448120117 0
1693629066604 15.017247200012207 0
1693629066704 15.024270057678223 0
1693629066800 15.048263549804688 0
1693629066892 15.056862831115723 0
1693629066983 15.0738525390625 0
1693629067068 15.103439331054688 0
1693629067160 15.118512153625488 0
1693629067250 15.133102416992188 0
1693629067346 15.148809432983398 0
1693629067452 15.155159950256348 0
1693629067553 15.171065330505371 0
1693629067650 15.179686546325684 0
1693629067746 15.185261726379395 0
1693629067830 15.198511123657227 0
1693629067924 15.225451469421387 0
1693629068008 15.244357109069824 0
1693629068107 15.256367683410645 0
1693629068199 15.274571418762207 0
1693629068283 15.282731056213379 0
1693629068376 15.290068626403809 0
1693629068482 15.313995361328125 0
1693629068577 15.327333450317383 0
1693629068667 15.336019515991211 0
1693629068756 15.350252151489258 0
1693629068846 15.363566398620605 0
1693629068939 15.383143424987793 0
1693629069038 15.387463569641113 0
1693629069133 15.389181137084961 0
1693629069238 15.394501686096191 0
1693629069332 15.401202201843262 0
1693629069435 15.411992073059082 0
1693629069540 15.415760040283203 0
1693629069646 15.417391777038574 0
1693629069745 15.422586441040039 0
1693629069835 15.426392555236816 0
1693629069929 15.43294906616211 0
1693629070020 15.452725410461426 0
1693629070122 15.457083702087402 0
1693629070221 15.4735107421875 0
1693629070312 15.479522705078125 0
1693629070401 15.484367370605469 0
1693629070492 15.497220039367676 0
1693629070584 15.508997917175293 0
1693629070672 15.517547607421875 0
1693629070766 15.521843910217285 0
1693629070847 15.525728225708008 0
1693629070936 15.532308578491211 0
1693629071027 15.53720760345459 0
1693629071125 15.540054321289062 0
1693629071210 15.547232627868652 0
1693629071298 15.55139446258545 0
1693629071384 15.560162544250488 0
1693629071485 15.587974548339844 0
1693629071589 15.597800254821777 0
1693629071691 15.629594802856445 0
1693629071790 15.63353157043457 0
1693629071878 15.641800880432129 0
1693629071982 15.66283893585205 0
1693629072078 15.723084449768066 0
1693629072174 15.748620986938477 0
1693629072269 15.75251579284668 0
1693629072373 15.763580322265625 0
1693629072469 15.775168418884277 0
1693629072568 15.777533531188965 0
1693629072697 15.781312942504883 0
1693629072786 15.787592887878418 0
1693629072884 15.793654441833496 0
1693629072978 15.796016693115234 0
1693629073061 15.798267364501953 0
1693629073162 15.808220863342285 0
1693629073250 15.817150115966797 0
1693629073346 15.82166862487793 0
1693629073442 15.82470989227295 0
1693629073542 15.830196380615234 0
1693629073656 15.834320068359375 0
1693629073761 15.946527481079102 0
1693629073860 15.975611686706543 0
1693629073955 15.979958534240723 0
1693629074051 15.984075546264648 0
1693629074144 15.993955612182617 0
1693629074226 16.012100219726562 0
1693629074308 16.06011962890625 0
1693629074401 16.07123565673828 0
1693629074501 16.078279495239258 0
1693629074598 16.08306312561035 0
1693629074701 16.090808868408203 0
1693629074790 16.103487014770508 0
1693629074880 16.106491088867188 0
1693629074989 16.111289978027344 0
1693629075074 16.114307403564453 0
1693629075177 16.1314640045166 0
1693629075271 16.134883880615234 0
1693629075372 16.142431259155273 0
1693629075473 16.14495277404785 0
1693629075587 16.145627975463867 0
1693629075702 16.147493362426758 0
1693629075815 16.150053024291992 0
1693629075912 16.154422760009766 0
1693629076009 16.15550422668457 0
1693629076107 16.15839958190918 0
1693629076203 16.16021156311035 0
1693629076303 16.16100311279297 0
1693629076397 16.162303924560547 0
1693629076496 16.165571212768555 0
1693629076601 16.17081069946289 0
1693629076702 16.171499252319336 0
1693629076793 16.180953979492188 0
1693629076897 16.18505096435547 0
1693629076993 16.188840866088867 0
1693629077109 16.196224212646484 0
1693629077222 16.197282791137695 0
1693629077330 16.198383331298828 0
1693629077441 16.200241088867188 0
1693629077566 16.206750869750977 0
1693629077670 16.21063995361328 0
1693629077765 16.238523483276367 0
1693629077867 16.259490966796875 0
1693629077972 16.262731552124023 0
1693629078082 16.267534255981445 0
1693629078207 16.274951934814453 0
1693629078331 16.28192138671875 0
1693629078449 16.284564971923828 0
1693629078571 16.295530319213867 0
1693629078687 16.29708480834961 0
1693629078792 16.29730796813965 0
1693629078882 16.30020523071289 0
1693629078975 16.303119659423828 0
1693629079072 16.303546905517578 0
1693629079161 16.310888290405273 0
1693629079253 16.31372833251953 0
1693629079387 16.317468643188477 0
1693629079492 16.322965621948242 0
1693629079599 16.330230712890625 0
1693629079702 16.33583641052246 0
1693629079807 16.34082794189453 0
1693629079905 16.349971771240234 0
1693629080000 16.354387283325195 0
1693629080095 16.355955123901367 0
1693629080199 16.35944938659668 0
1693629080301 16.362537384033203 0
1693629080406 16.36570930480957 0
1693629080504 16.366352081298828 0
1693629080608 16.36784553527832 0
1693629080705 16.373014450073242 0
1693629080789 16.38254165649414 0
1693629080884 16.384695053100586 0
1693629080977 16.386157989501953 0
1693629081067 16.391357421875 0
1693629081161 16.39768409729004 0
1693629081259 16.39847755432129 0
1693629081352 16.400209426879883 0
1693629081442 16.40186882019043 0
1693629081536 16.40390968322754 0
1693629081625 16.405471801757812 0
1693629081712 16.414081573486328 0
1693629081804 16.416521072387695 0
1693629081909 16.417551040649414 0
1693629082007 16.449098587036133 0
1693629082129 16.453269958496094 0
1693629082232 16.46193504333496 0
1693629082340 16.46389389038086 0
1693629082429 16.468143463134766 0
1693629082528 16.47268295288086 0
1693629082624 16.481950759887695 0
1693629082716 16.494890213012695 0
1693629082819 16.4964599609375 0
1693629082909 16.500186920166016 0
1693629083000 16.506221771240234 0
1693629083094 16.511526107788086 0
1693629083200 16.512653350830078 0
1693629083297 16.516115188598633 0
1693629083394 16.528976440429688 0
1693629083485 16.540813446044922 0
1693629083601 16.547504425048828 0
1693629083702 16.561012268066406 0
1693629083793 16.576887130737305 0
1693629083899 16.586572647094727 0
1693629084033 16.59079360961914 0
1693629084144 16.591476440429688 0
1693629084248 16.61203956604004 0
1693629084348 16.61267852783203 0
1693629084472 16.622297286987305 0
1693629084594 16.624113082885742 0
1693629084716 16.62486457824707 0
1693629084822 16.633922576904297 0
1693629084914 16.642333984375 0
1693629085015 16.645889282226562 0
1693629085116 16.658052444458008 0
1693629085214 16.663372039794922 0
1693629085312 16.665813446044922 0
1693629085415 16.66838264465332 0
1693629085520 16.673124313354492 0
1693629085619 16.674650192260742 0
1693629085724 16.69538116455078 0
1693629085816 16.70820426940918 0
1693629085904 16.713993072509766 0
1693629085998 16.71712875366211 0
1693629086089 16.721969604492188 0
1693629086197 16.722944259643555 0
1693629086294 16.740930557250977 0
1693629086392 16.77855110168457 0
1693629086492 16.78953742980957 0
1693629086584 16.821029663085938 0
1693629086676 16.824054718017578 0
1693629086775 16.832460403442383 0
1693629086880 16.8337345123291 0
1693629086971 16.8355712890625 0
1693629087059 16.837779998779297 0
1693629087140 16.85464859008789 0
1693629087245 16.85611915588379 0
1693629087352 16.860034942626953 0
1693629087464 16.865562438964844 0
1693629087563 16.869672775268555 0
1693629087666 16.87035369873047 0
1693629087763 16.87537956237793 0
1693629087862 16.88738250732422 0
1693629087965 16.891826629638672 0
1693629088061 16.903812408447266 0
1693629088153 16.91265106201172 0
1693629088251 16.914688110351562 0
1693629088356 16.918569564819336 0
1693629088454 16.919334411621094 0
1693629088559 16.920705795288086 0
1693629088654 16.92624282836914 0
1693629088756 16.92917823791504 0
1693629088852 16.93600845336914 0
1693629088973 16.942398071289062 0
1693629089061 16.94432830810547 0
1693629089160 16.9532527923584 0
1693629089261 16.969436645507812 0
1693629089357 16.976125717163086 0
1693629089464 16.9769344329834 0
1693629089576 16.977535247802734 0
1693629089676 16.97972297668457 0
1693629089775 16.98204803466797 0
1693629089874 16.985767364501953 0
1693629089970 16.987611770629883 0
1693629090075 17.014057159423828 0
1693629090177 17.016069412231445 0
1693629090284 17.022119522094727 0
1693629090394 17.022846221923828 0
1693629090491 17.02362823486328 0
1693629090592 17.02438735961914 0
1693629090701 17.03560447692871 0
1693629090813 17.039081573486328 0
1693629090920 17.042985916137695 0
1693629091038 17.04925537109375 0
1693629091143 17.054601669311523 0
1693629091234 17.056507110595703 0
1693629091331 17.06385040283203 0
1693629091427 17.070077896118164 0
1693629091519 17.088706970214844 0
1693629091616 17.10193634033203 0
1693629091705 17.104223251342773 0
1693629091805 17.107711791992188 0
1693629091892 17.116134643554688 0
1693629091986 17.119537353515625 0
1693629092084 17.12853240966797 0
1693629092174 17.135374069213867 0
1693629092272 17.13882064819336 0
1693629092365 17.139413833618164 0
1693629092452 17.140657424926758 0
1693629092545 17.145864486694336 0
1693629092639 17.147401809692383 0
1693629092724 17.156835556030273 0
1693629092829 17.16238784790039 0
1693629092923 17.163549423217773 0
1693629093012 17.165687561035156 0
1693629093117 17.173795700073242 0
1693629093202 17.176612854003906 0
1693629093292 17.181772232055664 0
1693629093387 17.182973861694336 0
1693629093479 17.183364868164062 0
1693629093571 17.184568405151367 0
1693629093669 17.187646865844727 0
1693629093769 17.190473556518555 0
1693629093876 17.19700813293457 0
1693629093980 17.19996452331543 0
1693629094075 17.201398849487305 0
1693629094172 17.203720092773438 0
1693629094270 17.205705642700195 0
1693629094377 17.207937240600586 0
1693629094482 17.21419906616211 0
1693629094573 17.21971893310547 0
1693629094671 17.219942092895508 0
1693629094774 17.224191665649414 0
1693629094881 17.225650787353516 0
1693629094988 17.228052139282227 0
1693629095098 17.233516693115234 0
1693629095192 17.233997344970703 0
1693629095316 17.236928939819336 0
1693629095436 17.242673873901367 0
1693629095542 17.245302200317383 0
1693629095641 17.250946044921875 0
1693629095749 17.2525634765625 0
1693629095881 17.256454467773438 0
1693629095993 17.274717330932617 0
1693629096112 17.288677215576172 0
1693629096220 17.29167938232422 0
1693629096326 17.295961380004883 0
1693629096419 17.302894592285156 0
1693629096520 17.309568405151367 0
1693629096620 17.32562828063965 0
1693629096739 17.327720642089844 0
1693629096842 17.335468292236328 0
1693629096944 17.34112548828125 0
1693629097065 17.342418670654297 0
1693629097176 17.348398208618164 0
1693629097299 17.354658126831055 0
1693629097430 17.35572052001953 0
1693629097550 17.358003616333008 0
1693629097685 17.363496780395508 0
1693629097812 17.366724014282227 0
1693629097935 17.371124267578125 0
1693629098050 17.373977661132812 0
1693629098164 17.376604080200195 0
1693629098277 17.378555297851562 0
1693629098391 17.38021469116211 0
1693629098507 17.388755798339844 0
1693629098630 17.398521423339844 0
1693629098750 17.407133102416992 0
1693629098867 17.417877197265625 0
1693629098980 17.421960830688477 0
1693629099082 17.430644989013672 0
1693629099214 17.434499740600586 0
1693629099320 17.446775436401367 0
1693629099425 17.45609474182129 0
1693629099535 17.457616806030273 0
1693629099644 17.468467712402344 0
1693629099747 17.47247314453125 0
1693629099842 17.475257873535156 0
1693629099939 17.476499557495117 0
1693629100046 17.480764389038086 0
1693629100151 17.487442016601562 0
1693629100261 17.49330711364746 0
1693629100367 17.49540138244629 0
1693629100463 17.498241424560547 0
1693629100562 17.500295639038086 0
1693629100674 17.503555297851562 0
1693629100781 17.503780364990234 0
1693629100905 17.506977081298828 0
1693629101003 17.510120391845703 0
1693629101109 17.513195037841797 0
1693629101228 17.515043258666992 0
1693629101340 17.515729904174805 0
1693629101455 17.521183013916016 0
1693629101562 17.526248931884766 0
1693629101667 17.532875061035156 0
1693629101762 17.534992218017578 0
1693629101880 17.537851333618164 0
1693629101997 17.544065475463867 0
1693629102120 17.546371459960938 0
1693629102230 17.551965713500977 0
1693629102336 17.555837631225586 0
1693629102444 17.556604385375977 0
1693629102544 17.560293197631836 0
1693629102642 17.5610408782959 0
1693629102748 17.562088012695312 0
1693629102841 17.56487464904785 0
1693629102936 17.571577072143555 0
1693629103037 17.587282180786133 0
1693629103144 17.590465545654297 0
1693629103241 17.590879440307617 0
1693629103341 17.59357261657715 0
1693629103444 17.59551239013672 0
1693629103547 17.597810745239258 0
1693629103653 17.598352432250977 0
1693629103757 17.601402282714844 0
1693629103854 17.60233497619629 0
1693629103978 17.602670669555664 0
1693629104087 17.604286193847656 0
1693629104189 17.60883331298828 0
1693629104299 17.609661102294922 0
1693629104412 17.611156463623047 0
1693629104526 17.61282730102539 0
1693629104632 17.613483428955078 0
1693629104748 17.61515998840332 0
1693629104864 17.616254806518555 0
1693629104985 17.61695671081543 0
1693629105093 17.618497848510742 0
1693629105206 17.62042999267578 0
1693629105306 17.623111724853516 0
1693629105419 17.62411880493164 0
1693629105537 17.625486373901367 0
1693629105632 17.625810623168945 0
1693629105741 17.627212524414062 0
1693629105851 17.634675979614258 0
1693629105960 17.635419845581055 0
1693629106067 17.641525268554688 0
1693629106176 17.644351959228516 0
1693629106287 17.645151138305664 0
1693629106404 17.65550994873047 0
1693629106513 17.66208267211914 0
1693629106614 17.667327880859375 0
1693629106716 17.670923233032227 0
1693629106816 17.674766540527344 0
1693629106915 17.679370880126953 0
1693629107021 17.680307388305664 0
1693629107114 17.68515968322754 0
1693629107228 17.685985565185547 0
1693629107330 17.688852310180664 0
1693629107418 17.6912899017334 0
1693629107537 17.693649291992188 0
1693629107634 17.697050094604492 0
1693629107733 17.698715209960938 0
1693629107825 17.700471878051758 0
1693629107925 17.703163146972656 0
1693629108026 17.7058048248291 0
1693629108130 17.707324981689453 0
1693629108232 17.714826583862305 0
1693629108333 17.72046661376953 0
1693629108453 17.721708297729492 0
1693629108558 17.724531173706055 0
1693629108657 17.727201461791992 0
1693629108752 17.730484008789062 0
1693629108852 17.74136734008789 0
1693629108993 17.75196647644043 0
1693629109114 17.75466537475586 0
1693629109215 17.75984001159668 0
1693629109316 17.761547088623047 0
1693629109415 17.780292510986328 0
1693629109518 17.780487060546875 0
1693629109630 17.781286239624023 0
1693629109742 17.787443161010742 0
1693629109847 17.78901481628418 0
1693629109951 17.79208755493164 0
1693629110045 17.793611526489258 0
1693629110138 17.795503616333008 0
1693629110237 17.79659652709961 0
1693629110337 17.8004207611084 0
1693629110448 17.8038272857666 0
1693629110545 17.807432174682617 0
1693629110643 17.812789916992188 0
1693629110747 17.813356399536133 0
1693629110841 17.814008712768555 0
1693629110941 17.818714141845703 0
1693629111034 17.819238662719727 0
1693629111137 17.819833755493164 0
1693629111231 17.821754455566406 0
1693629111330 17.823251724243164 0
1693629111440 17.825599670410156 0
1693629111532 17.82605743408203 0
1693629111632 17.826650619506836 0
1693629111726 17.827505111694336 0
1693629111819 17.827899932861328 0
1693629111927 17.831716537475586 0
1693629112052 17.83429527282715 0
1693629112172 17.834793090820312 0
1693629112292 17.835826873779297 0
1693629112395 17.836441040039062 0
1693629112511 17.840085983276367 0
1693629112626 17.841659545898438 0
1693629112727 17.847440719604492 0
1693629112846 17.849040985107422 0
1693629112981 17.85109519958496 0
1693629113099 17.855287551879883 0
1693629113237 17.856224060058594 0
1693629113377 17.857694625854492 0
1693629113496 17.858291625976562 0
1693629113595 17.858983993530273 0
1693629113694 17.861173629760742 0
1693629113803 17.865354537963867 0
1693629113905 17.866561889648438 0
1693629114009 17.867586135864258 0
1693629114104 17.872270584106445 0
1693629114211 17.873619079589844 0
1693629114318 17.874847412109375 0
1693629114427 17.875967025756836 0
1693629114541 17.87700080871582 0
1693629114663 17.879070281982422 0
1693629114771 17.884319305419922 0
1693629114877 17.888229370117188 0
1693629114975 17.890483856201172 0
1693629115074 17.902284622192383 0
1693629115183 17.91012191772461 0
1693629115297 17.912864685058594 0
1693629115397 17.914560317993164 0
1693629115503 17.918935775756836 0
1693629115623 17.920570373535156 0
1693629115728 17.9248104095459 0
1693629115834 17.92627716064453 0
1693629115945 17.92746353149414 0
1693629116042 17.92847442626953 0
1693629116147 17.93087387084961 0
1693629116252 17.93239974975586 0
1693629116352 17.935047149658203 0
1693629116457 17.942167282104492 0
1693629116558 17.946983337402344 0
1693629116654 17.97243881225586 0
1693629116771 17.991085052490234 0
1693629116887 17.996736526489258 0
1693629116985 18.001115798950195 0
1693629117087 18.00226402282715 0
1693629117187 18.005565643310547 0
1693629117302 18.029245376586914 0
1693629117405 18.031864166259766 0
1693629117512 18.037250518798828 0
1693629117617 18.039682388305664 0
1693629117724 18.040212631225586 0
1693629117825 18.05439567565918 0
1693629117923 18.065250396728516 0
1693629118027 18.070585250854492 0
1693629118128 18.085018157958984 0
1693629118259 18.0892333984375 0
1693629118357 18.092836380004883 0
1693629118460 18.09763526916504 0
1693629118565 18.099960327148438 0
1693629118669 18.107940673828125 0
1693629118772 18.116657257080078 0
1693629118869 18.120670318603516 0
1693629118966 18.12328338623047 0
1693629119067 18.130823135375977 0
1693629119172 18.13274574279785 0
1693629119268 18.143117904663086 0
1693629119370 18.14398956298828 0
1693629119475 18.147769927978516 0
1693629119576 18.15129280090332 0
1693629119675 18.15201187133789 0
1693629119769 18.154447555541992 0
1693629119864 18.155128479003906 0
1693629119966 18.156021118164062 0
1693629120081 18.156726837158203 0
1693629120194 18.16008758544922 0
1693629120314 18.165390014648438 0
1693629120431 18.166078567504883 0
1693629120543 18.171117782592773 0
1693629120660 18.185216903686523 0
1693629120762 18.187021255493164 0
1693629120876 18.187631607055664 0
1693629120975 18.19536590576172 0
1693629121091 18.20379638671875 0
1693629121197 18.205677032470703 0
1693629121310 18.206275939941406 0
1693629121403 18.207490921020508 0
1693629121508 18.209884643554688 0
1693629121611 18.214019775390625 0
1693629121715 18.21478271484375 0
1693629121824 18.217052459716797 0
1693629121932 18.220802307128906 0
1693629122032 18.222675323486328 0
1693629122135 18.22348976135254 0
1693629122242 18.225141525268555 0
1693629122346 18.227397918701172 0
1693629122452 18.232839584350586 0
1693629122565 18.235347747802734 0
1693629122675 18.235666275024414 0
1693629122771 18.23715591430664 0
1693629122873 18.244293212890625 0
1693629122978 18.250795364379883 0
1693629123071 18.25312042236328 0
1693629123169 18.260883331298828 0
1693629123270 18.26693344116211 0
1693629123376 18.267702102661133 0
1693629123483 18.269676208496094 0
1693629123583 18.27437400817871 0
1693629123682 18.279699325561523 0
1693629123781 18.282400131225586 0
1693629123882 18.285802841186523 0
1693629123984 18.28720474243164 0
1693629124081 18.301504135131836 0
1693629124198 18.30708122253418 0
1693629124298 18.307851791381836 0
1693629124394 18.311880111694336 0
1693629124499 18.31220054626465 0
1693629124604 18.3187313079834 0
1693629124711 18.324453353881836 0
1693629124819 18.33275032043457 0
1693629124924 18.333526611328125 0
1693629125029 18.334714889526367 0
1693629125142 18.337570190429688 0
1693629125251 18.34079933166504 0
1693629125357 18.34596824645996 0
1693629125458 18.352394104003906 0
1693629125567 18.360485076904297 0
1693629125671 18.370651245117188 0
1693629125767 18.37186622619629 0
1693629125866 18.373428344726562 0
1693629125964 18.376245498657227 0
1693629126070 18.379758834838867 0
1693629126175 18.381593704223633 0
1693629126272 18.382322311401367 0
