1693629000704 0.06743162125349045 0
1693629000813 0.030992653220891953 0
1693629000915 0.03142779693007469 0
1693629001034 0.015260658226907253 0
1693629001137 0.02010289952158928 0
1693629001245 0.025436418130993843 0
1693629001340 0.012715641409158707 0
1693629001438 0.0290040485560894 0
1693629001540 0.1451226770877838 0
1693629001658 0.17508764564990997 0
1693629001764 0.07805107533931732 0
1693629001873 0.031860191375017166 0
1693629001994 0.04908373951911926 0
1693629002116 0.024799950420856476 0
1693629002230 0.022056441754102707 0
1693629002337 0.0060137733817100525 0
1693629002444 0.012532081454992294 0
1693629002542 0.0016567998100072145 0
1693629002650 0.005093606188893318 0
1693629002752 0.013722584582865238 0
1693629002868 0.017504695802927017 0
1693629002977 0.019838854670524597 0
1693629003082 0.07630801200866699 0
1693629003180 0.0284709595143795 0
1693629003284 0.015009674243628979 0
1693629003382 0.011092297732830048 0
1693629003491 0.08710359036922455 0
1693629003586 0.10461065173149109 0
1693629003700 0.022846659645438194 0
1693629003805 0.1640750914812088 0
1693629003915 0.08514480292797089 0
1693629004024 0.09259199351072311 0
1693629004132 0.006120982579886913 0
1693629004239 0.029156755656003952 0
1693629004340 0.0011704739881679416 0
1693629004449 0.06218578293919563 0
1693629004552 0.09645866602659225 0
1693629004662 0.06469390541315079 0
1693629004761 0.18973827362060547 0
1693629004868 0.045715346932411194 0
1693629004972 0.0772293210029602 0
1693629005090 0.07734012603759766 0
1693629005187 0.05979715660214424 0
1693629005287 0.045097049325704575 0
1693629005400 0.026387713849544525 0
1693629005519 0.01560262031853199 0
1693629005626 0.040211234241724014 0
1693629005723 0.03893845155835152 0
1693629005826 0.04437993839383125 0
1693629005922 0.06851405650377274 0
1693629006029 0.05638793110847473 0
1693629006142 0.008720516227185726 0
1693629006236 0.06115974113345146 0
1693629006338 0.07836948335170746 0
1693629006440 0.02411740832030773 0
1693629006553 0.011878120712935925 0
1693629006651 0.031218182295560837 0
1693629006757 0.007915030233561993 0
1693629006854 0.0373259112238884 0
1693629006955 0.015354368835687637 0
1693629007064 0.024748945608735085 0
1693629007160 0.04924359917640686 0
1693629007265 0.056963298469781876 0
1693629007359 0.010534184984862804 0
1693629007460 0.00924352090805769 0
1693629007571 0.006735402625054121 0
1693629007683 0.01762867532670498 0
1693629007778 0.024498537182807922 0
1693629007884 0.010604074224829674 0
1693629007985 0.026178203523159027 0
1693629008088 0.03614196181297302 0
1693629008188 0.033682435750961304 0
1693629008292 0.0015489418292418122 0
1693629008387 0.007964826188981533 0
1693629008472 0.00486932834610343 0
1693629008575 0.008113791234791279 0
1693629008668 0.023268014192581177 0
1693629008772 0.01931588724255562 0
1693629008861 0.00356194912455976 0
1693629008962 0.04355064779520035 0
1693629009061 0.04966358095407486 0
1693629009156 0.01500687189400196 0
1693629009254 0.0021347918082028627 0
1693629009347 0.014408142305910587 0
1693629009445 0.007242448627948761 0
1693629009550 0.009007586166262627 0
1693629009643 0.019081316888332367 0
1693629009746 0.01464106421917677 0
1693629009847 0.00726687628775835 0
1693629009946 0.015428668819367886 0
1693629010037 0.009964197874069214 0
1693629010131 0.009298535995185375 0
1693629010232 0.008060182444751263 0
1693629010332 0.013774529099464417 0
1693629010437 0.010345790535211563 0
1693629010537 0.004314315039664507 0
1693629010627 0.015477905049920082 0
1693629010714 0.015307658351957798 0
1693629010811 0.07665769010782242 0
1693629010896 0.04384654760360718 0
1693629010988 0.00392643129453063 0
1693629011083 0.01006044540554285 0
1693629011172 0.004450612235814333 0
1693629011263 0.0012149856192991138 0
1693629011355 0.029459962621331215 0
1693629011443 0.002836648840457201 0
1693629011534 0.008428041823208332 0
1693629011634 0.02466030977666378 0
1693629011740 0.021817222237586975 0
1693629011844 0.009126942604780197 0
1693629011935 0.013361777178943157 0
1693629012038 0.0247160904109478 0
1693629012137 0.006240450777113438 0
1693629012229 0.0025130759458988905 0
1693629012324 0.013253383338451385 0
1693629012426 0.01651631109416485 0
1693629012526 0.00679750693961978 0
1693629012615 0.013896506279706955 0
1693629012714 0.0028743469156324863 0
1693629012817 0.005114768631756306 0
1693629012915 0.004694873467087746 0
1693629013019 0.00036893258220516145 0
1693629013112 0.002470830688253045 0
1693629013198 0.04428920894861221 0
1693629013295 0.22237879037857056 0
1693629013393 0.2784055769443512 0
1693629013493 0.08978897333145142 0
1693629013591 0.03126724809408188 0
1693629013687 0.11933264136314392 0
1693629013785 0.0553695410490036 0
1693629013884 0.005172692704945803 0
1693629013970 0.005166847724467516 0
1693629014076 0.007839647121727467 0
1693629014179 0.014009231701493263 0
1693629014270 0.01513928733766079 0
1693629014367 0.006471656262874603 0
1693629014478 0.01693110540509224 0
1693629014591 0.002866915659978986 0
1693629014696 0.025059137493371964 0
1693629014784 0.12796448171138763 0
1693629014868 0.06389899551868439 0
1693629014961 0.0774642676115036 0
1693629015049 0.02114633470773697 0
1693629015141 0.027706284075975418 0
1693629015229 0.011741789057850838 0
1693629015330 0.00741901621222496 0
1693629015420 0.014297105371952057 0
1693629015525 0.015205604955554008 0
1693629015618 0.01610286720097065 0
1693629015723 0.022055061534047127 0
1693629015816 0.022387787699699402 0
1693629015903 0.05859897658228874 0
1693629016007 0.07615859806537628 0
1693629016113 0.01691228523850441 0
1693629016213 0.009332176297903061 0
1693629016300 0.018107855692505836 0
1693629016398 0.023038512095808983 0
1693629016498 0.02346140146255493 0
1693629016605 0.033933158963918686 0
1693629016696 0.004057072568684816 0
1693629016782 0.0019814753904938698 0
1693629016881 0.017371032387018204 0
1693629016978 0.004850201308727264 0
1693629017072 0.00879379641264677 0
1693629017157 0.027078699320554733 0
1693629017249 0.03546104207634926 0
1693629017335 0.027507655322551727 0
1693629017436 0.012932375073432922 0
1693629017527 0.01976431906223297 0
1693629017624 0.00768949743360281 0
1693629017725 0.008992742747068405 0
1693629017819 0.034197382628917694 0
1693629017912 0.017587926238775253 0
1693629018014 0.019633140414953232 0
1693629018119 0.05428169667720795 0
1693629018220 0.06923694163560867 0
1693629018319 0.018750054761767387 0
1693629018420 0.014600645750761032 0
1693629018523 0.025053326040506363 0
1693629018622 0.012300219386816025 0
1693629018716 0.08390166610479355 0
1693629018807 0.009345311671495438 0
1693629018905 0.005776301492005587 0
1693629019010 0.022890890017151833 0
1693629019109 0.0029623068403452635 0
1693629019211 0.013651075772941113 0
1693629019304 0.02605888620018959 0
1693629019395 0.012105894275009632 0
1693629019497 0.026408743113279343 0
1693629019595 0.01010776124894619 0
1693629019686 0.0013040238991379738 0
1693629019778 0.02884129248559475 0
1693629019881 0.0044997092336416245 0
1693629019976 0.008892049081623554 0
1693629020074 0.014844161458313465 0
1693629020169 0.0179364662617445 0
1693629020268 0.006840532645583153 0
1693629020357 0.0012057863641530275 0
1693629020452 0.015984879806637764 0
1693629020550 0.003605334088206291 0
1693629020643 0.014690178446471691 0
1693629020738 0.02487579919397831 0
1693629020833 0.03603774681687355 0
1693629020935 0.002749586943536997 0
1693629021029 0.009465262293815613 0
1693629021130 0.005570386536419392 0
1693629021231 0.028904326260089874 0
1693629021335 0.01039941981434822 0
1693629021428 0.010066111572086811 0
1693629021525 0.006433168891817331 0
1693629021620 0.0232364684343338 0
1693629021718 0.19893623888492584 0
1693629021810 0.23430047929286957 0
1693629021901 0.06905288994312286 0
1693629021998 0.050927892327308655 0
1693629022090 0.025747932493686676 0
1693629022182 0.009977614507079124 0
1693629022275 0.031523268669843674 0
1693629022368 0.06955625116825104 0
1693629022482 0.07882598042488098 0
1693629022576 0.06692482531070709 0
1693629022678 0.04516507312655449 0
1693629022782 0.02755471132695675 0
1693629022917 0.010124278254806995 0
1693629023025 0.017501452937722206 0
1693629023124 0.0017854624893516302 0
1693629023217 0.017342986539006233 0
1693629023319 0.006568524986505508 0
1693629023427 0.08715365082025528 0
1693629023542 0.2267899066209793 0
1693629023654 0.10592725872993469 0
1693629023752 0.0030965653713792562 0
1693629023849 0.04756426811218262 0
1693629023952 0.013872186653316021 0
1693629024068 0.006330359727144241 0
1693629024171 0.002327949507161975 0
1693629024275 0.03640691936016083 0
1693629024378 0.03210835158824921 0
1693629024484 0.028496816754341125 0
1693629024578 0.025741593912243843 0
1693629024675 0.022788608446717262 0
1693629024779 0.0013867150992155075 0
1693629024916 0.02410096302628517 0
1693629025030 0.01204319391399622 0
1693629025129 0.03396673873066902 0
1693629025218 0.020021235570311546 0
1693629025319 0.010557894594967365 0
1693629025406 0.015685802325606346 0
1693629025510 0.03712105005979538 0
1693629025607 0.008681843988597393 0
1693629025701 0.015353647992014885 0
1693629025802 0.00513156782835722 0
1693629025912 0.000504566531162709 0
1693629026003 0.003576030023396015 0
1693629026103 0.010442078113555908 0
1693629026198 0.010083699598908424 0
1693629026288 0.02506794035434723 0
1693629026384 0.006140846759080887 0
1693629026485 0.0037007159553468227 0
1693629026584 0.009272083640098572 0
1693629026684 0.026104966178536415 0
1693629026784 0.020079664885997772 0
1693629026884 0.022769520059227943 0
1693629026987 0.1015549898147583 0
1693629027086 0.18277642130851746 0
1693629027193 0.0404001846909523 0
1693629027280 0.00891100149601698 0
1693629027376 0.013852777890861034 0
1693629027468 0.050005048513412476 0
1693629027565 0.12471112608909607 0
1693629027659 0.04094839468598366 0
1693629027757 0.0041469088755548 0
1693629027864 0.013067422434687614 0
1693629027954 0.03127474710345268 0
1693629028046 0.017944850027561188 0
1693629028137 0.0029659175779670477 0
1693629028229 0.004909582901746035 0
1693629028315 0.012559806928038597 0
1693629028401 0.03294825553894043 0
1693629028490 0.017027273774147034 0
1693629028592 0.004457372706383467 0
1693629028684 0.023031873628497124 0
1693629028784 0.10647618025541306 0
1693629028885 0.10881864279508591 0
1693629028983 0.012452611699700356 0
1693629029086 0.0035753243137151003 0
1693629029184 0.02024044841527939 0
1693629029291 0.07853855192661285 0
1693629029384 0.029292993247509003 0
1693629029471 0.0039043466094881296 0
1693629029573 0.01761339046061039 0
1693629029673 0.010234969668090343 0
1693629029769 0.02980547398328781 0
1693629029863 0.00588799174875021 0
1693629029961 0.00807151012122631 0
1693629030056 0.007897376082837582 0
1693629030150 0.03280680626630783 0
1693629030247 0.011544805020093918 0
1693629030340 0.02245291694998741 0
1693629030428 0.03355574980378151 0
1693629030520 0.06596633046865463 0
1693629030615 0.04353991523385048 0
1693629030710 0.06342962384223938 0
1693629030807 0.0009763450361788273 0
1693629030904 0.03732208162546158 0
1693629031009 0.06348368525505066 0
1693629031104 0.06318189948797226 0
1693629031191 0.031009769067168236 0
1693629031285 0.026868529617786407 0
1693629031379 0.0038384106010198593 0
1693629031475 0.006165984086692333 0
1693629031581 0.05437681823968887 0
1693629031681 0.01433333195745945 0
1693629031768 0.003974499646574259 0
1693629031867 0.05160083994269371 0
1693629031968 0.015609586611390114 0
1693629032068 0.007232461124658585 0
1693629032166 0.06365732103586197 0
1693629032268 0.018795419484376907 0
1693629032359 0.032175462692976 0
1693629032455 0.008251096121966839 0
1693629032562 0.010270182974636555 0
1693629032658 0.024553824216127396 0
1693629032749 0.021517980843782425 0
1693629032848 0.012914039194583893 0
1693629032955 0.017518268898129463 0
1693629033049 0.02358279377222061 0
1693629033144 0.0158785842359066 0
1693629033242 0.011724185198545456 0
1693629033336 0.03610632196068764 0
1693629033434 0.010073806159198284 0
1693629033542 0.0046636248007416725 0
1693629033642 0.01302425004541874 0
1693629033733 0.027577171102166176 0
1693629033831 0.005592199508100748 0
1693629033924 0.0027044257149100304 0
1693629034021 0.017949175089597702 0
1693629034115 0.01942182332277298 0
1693629034211 0.017026403918862343 0
1693629034301 0.033671412616968155 0
1693629034410 0.07639537006616592 0
1693629034523 0.005391922779381275 0
1693629034624 0.0032199255656450987 0
1693629034722 0.001233836985193193 0
1693629034833 0.001294778543524444 0
1693629034933 0.03403593227267265 0
1693629035049 0.009996874257922173 0
1693629035188 0.0010415154974907637 0
1693629035308 0.003308563493192196 0
1693629035408 0.015363854356110096 0
1693629035505 0.009123628959059715 0
1693629035595 0.007969433441758156 0
1693629035695 0.006467072293162346 0
1693629035793 0.005461294203996658 0
1693629035881 0.004828816745430231 0
1693629035986 0.009569857269525528 0
1693629036078 0.0019969362765550613 0
1693629036177 0.008708013221621513 0
1693629036269 0.0144138652831316 0
1693629036358 0.004924936220049858 0
1693629036448 0.00405531981959939 0
1693629036535 0.0318521149456501 0
1693629036624 0.01637026108801365 0
1693629036726 0.008756089955568314 0
1693629036816 0.003084974829107523 0
1693629036915 0.021838992834091187 0
1693629037042 0.01438511349260807 0
1693629037161 0.0747000128030777 0
1693629037260 0.02921018749475479 0
1693629037362 0.005755042191594839 0
1693629037455 0.032456353306770325 0
1693629037562 0.016643693670630455 0
1693629037666 0.011743949726223946 0
1693629037770 0.010508351027965546 0
1693629037871 0.039965689182281494 0
1693629037965 0.019028134644031525 0
1693629038047 0.03651246055960655 0
1693629038139 0.07235460728406906 0
1693629038242 0.02936670556664467 0
1693629038335 0.03968406468629837 0
1693629038430 0.01030664797872305 0
1693629038528 0.011695503257215023 0
1693629038624 0.0068887933157384396 0
1693629038720 0.005499437917023897 0
1693629038832 0.03717239946126938 0
1693629038931 0.029445689171552658 0
1693629039029 0.038296476006507874 0
1693629039132 0.005940882954746485 0
1693629039226 0.03173476457595825 0
1693629039311 0.01405350025743246 0
1693629039410 0.0025114400777965784 0
1693629039511 0.011269654147326946 0
1693629039603 0.005250850692391396 0
1693629039705 0.005524996668100357 0
1693629039800 0.005061084870249033 0
1693629039903 0.024996688589453697 0
1693629040005 0.004847501404583454 0
1693629040102 0.00822250172495842 0
1693629040204 0.005830523557960987 0
1693629040301 0.008237011730670929 0
1693629040399 0.019891314208507538 0
1693629040495 0.02647944539785385 0
1693629040619 0.055250849574804306 0
1693629040711 0.014052105136215687 0
1693629040811 0.01851344294846058 0
1693629040916 0.01113454531878233 0
1693629041017 0.0007227569003589451 0
1693629041108 0.005471979733556509 0
1693629041198 0.014474241062998772 0
1693629041280 0.011863685213029385 0
1693629041368 0.010593274608254433 0
1693629041454 0.0034038417506963015 0
1693629041555 0.002709720516577363 0
1693629041654 0.007693319581449032 0
1693629041752 0.008339625783264637 0
1693629041856 0.004069413524121046 0
1693629041946 0.014856735244393349 0
1693629042040 0.022498447448015213 0
1693629042138 0.008740207180380821 0
1693629042248 0.003500517224892974 0
1693629042345 0.002937210025265813 0
1693629042434 0.007916783913969994 0
1693629042528 0.036741964519023895 0
1693629042613 0.020377198234200478 0
1693629042708 0.003639789065346122 0
1693629042797 0.010547293350100517 0
1693629042899 0.006936799734830856 0
1693629042997 0.0031955079175531864 0
1693629043110 0.007397485896945 0
1693629043216 0.011683867312967777 0
1693629043318 0.009444101713597775 0
1693629043408 0.0076717231422662735 0
1693629043509 0.020832279697060585 0
1693629043612 0.007854524999856949 0
1693629043722 0.002616110723465681 0
1693629043826 0.007135626394301653 0
1693629043915 0.002325500827282667 0
1693629044013 0.007058878894895315 0
1693629044112 0.0052445074543356895 0
1693629044214 0.009238261729478836 0
1693629044312 0.01235479861497879 0
1693629044415 0.016386842355132103 0
1693629044526 0.048989780247211456 0
1693629044623 0.02317974530160427 0
1693629044721 0.016910357400774956 0
1693629044809 0.01122278906404972 0
1693629044905 0.01165094692260027 0
1693629045008 0.01644633337855339 0
1693629045103 0.0052936184220016 0
1693629045218 0.0063905129209160805 0
1693629045329 0.014315199106931686 0
1693629045430 0.0018169018439948559 0
1693629045528 0.001649098820053041 0
1693629045634 0.008857877925038338 0
1693629045725 0.007568905130028725 0
1693629045825 0.007425056770443916 0
1693629045926 0.004796328488737345 0
1693629046030 0.0064390902407467365 0
1693629046126 0.009393365122377872 0
1693629046220 0.013791834004223347 0
1693629046320 0.012228250503540039 0
1693629046411 0.01103778462857008 0
1693629046513 0.008335025981068611 0
1693629046608 0.006983776111155748 0
1693629046747 0.0022548874840140343 0
1693629046832 0.005108552519232035 0
1693629046930 0.0016246972372755408 0
1693629047027 0.00618040282279253 0
1693629047122 0.015834897756576538 0
1693629047213 0.0019043998327106237 0
1693629047317 0.0006272154278121889 0
1693629047419 0.0014038688968867064 0
1693629047523 0.021341826766729355 0
1693629047625 0.008249230682849884 0
1693629047730 0.013049057684838772 0
1693629047830 0.00526351248845458 0
1693629047929 0.011683033779263496 0
1693629048022 0.0017743536736816168 0
1693629048117 0.0033910905476659536 0
1693629048207 0.004070584196597338 0
1693629048308 0.0024701645597815514 0
1693629048406 0.0024757669307291508 0
1693629048498 0.0012124101631343365 0
1693629048592 0.01211400143802166 0
1693629048692 0.006745599210262299 0
1693629048782 0.017999768257141113 0
1693629048872 0.031237976625561714 0
1693629048972 0.01436224952340126 0
1693629049067 0.03100171685218811 0
1693629049162 0.006199838127940893 0
1693629049258 0.012147245928645134 0
1693629049352 0.03348347544670105 0
1693629049452 0.02070096880197525 0
1693629049541 0.09035743772983551 0
1693629049638 0.00926234945654869 0
1693629049743 0.03725475072860718 0
1693629049843 0.016955047845840454 0
1693629049932 0.0027258123736828566 0
1693629050034 0.0015513697871938348 0
1693629050131 0.01689152419567108 0
1693629050229 0.007687428500503302 0
1693629050329 0.01742888242006302 0
1693629050434 0.010830866172909737 0
1693629050542 0.008215570822358131 0
1693629050645 0.006749816704541445 0
1693629050749 0.0043008700013160706 0
1693629050859 0.004837974905967712 0
1693629050982 0.0009710121667012572 0
1693629051117 0.03246336802840233 0
1693629051245 0.05783815681934357 0
1693629051364 0.018257470801472664 0
1693629051487 0.05767500400543213 0
1693629051593 0.02026127278804779 0
1693629051696 0.0005962538416497409 0
1693629051805 0.004250859841704369 0
1693629051912 0.010883437469601631 0
1693629052016 0.011815561912953854 0
1693629052110 0.008401244878768921 0
1693629052206 0.0017287398222833872 0
1693629052294 0.0054307603277266026 0
1693629052396 0.017110208049416542 0
1693629052494 0.0043213097378611565 0
1693629052593 0.0009018293931148946 0
1693629052691 0.01014858577400446 0
1693629052787 0.0068234894424676895 0
1693629052881 0.013368405401706696 0
1693629052977 0.009447838179767132 0
1693629053066 0.009708994999527931 0
1693629053160 0.003250869456678629 0
1693629053251 0.010037722066044807 0
1693629053344 0.024217523634433746 0
1693629053432 0.003526780754327774 0
1693629053531 0.003041938180103898 0
1693629053620 0.0035077815409749746 0
1693629053713 0.0041116406209766865 0
1693629053804 0.0037956261076033115 0
1693629053888 0.03126150742173195 0
1693629053985 0.012704973109066486 0
1693629054078 0.012951483950018883 0
1693629054173 0.0008898723754100502 0
1693629054253 0.002298859180882573 0
1693629054339 0.021013103425502777 0
1693629054423 0.009702294133603573 0
1693629054507 0.009181028231978416 0
1693629054591 0.015820428729057312 0
1693629054674 0.01325130183249712 0
1693629054764 0.008169719018042088 0
1693629054860 0.003125116927549243 0
1693629054951 0.006775300018489361 0
1693629055032 0.003466663882136345 0
1693629055126 0.001160747604444623 0
1693629055216 0.013403093442320824 0
1693629055310 0.006091772578656673 0
1693629055392 0.0017957095988094807 0
1693629055495 0.022357212379574776 0
1693629055584 0.051975809037685394 0
1693629055679 0.002529318444430828 0
1693629055774 0.01933404989540577 0
1693629055870 0.026391124352812767 0
1693629055957 0.03380206972360611 0
1693629056061 0.020460404455661774 0
1693629056154 0.016709167510271072 0
1693629056243 0.011795610189437866 0
1693629056355 0.01505826786160469 0
1693629056484 0.04461824893951416 0
1693629056597 0.0581902340054512 0
1693629056709 0.026416994631290436 0
1693629056812 0.03639636188745499 0
1693629056918 0.01659999042749405 0
1693629057037 0.0024586389772593975 0
1693629057162 0.0011858007637783885 0
1693629057261 0.00874643586575985 0
1693629057361 0.005997634492814541 0
1693629057462 0.001130862277932465 0
1693629057570 0.004994079936295748 0
1693629057669 0.006896014790982008 0
1693629057778 0.0020787043031305075 0
1693629057874 0.0053036087192595005 0
1693629057978 0.0040512592531740665 0
1693629058068 0.007376535329967737 0
1693629058162 0.0030728939455002546 0
1693629058268 0.001499284990131855 0
1693629058358 0.0028670700266957283 0
1693629058463 0.010735493153333664 0
1693629058555 0.003033103421330452 0
1693629058657 0.0021840177942067385 0
1693629058748 0.00318127847276628 0
1693629058839 0.0020884170662611723 0
1693629058929 0.003358622547239065 0
1693629059033 0.00527187017723918 0
1693629059131 0.012351294979453087 0
1693629059230 0.004503338597714901 0
1693629059336 0.003574225353077054 0
1693629059427 0.003264044411480427 0
1693629059559 0.0058223782107234 0
1693629059664 0.005268972832709551 0
1693629059765 0.0054079568944871426 0
1693629059863 0.011137797497212887 0
1693629059965 0.044754140079021454 0
1693629060068 0.08195523917675018 0
1693629060170 0.08381253480911255 0
1693629060273 0.11624228209257126 0
1693629060366 0.019887102767825127 0
1693629060466 0.050859127193689346 0
1693629060557 0.002337229670956731 0
1693629060646 0.007647288963198662 0
1693629060734 0.013232973404228687 0
1693629060827 0.0016976618207991123 0
1693629060917 0.012273796834051609 0
1693629061018 0.001655148109421134 0
1693629061128 0.00648101232945919 0
1693629061221 0.005023029167205095 0
1693629061314 0.008395219221711159 0
1693629061406 0.009297373704612255 0
1693629061523 0.004273766651749611 0
1693629061616 0.0440770722925663 0
1693629061710 0.026102587580680847 0
1693629061802 0.06588135659694672 0
1693629061891 0.023940391838550568 0
1693629061982 0.003521631471812725 0
1693629062077 0.005331598222255707 0
1693629062169 0.007783076725900173 0
1693629062281 0.005316616501659155 0
1693629062379 0.0038329088129103184 0
1693629062476 0.011095562018454075 0
1693629062567 0.0038178665563464165 0
1693629062667 0.007718698121607304 0
1693629062764 0.005760240834206343 0
1693629062863 0.0025460936594754457 0
1693629062955 0.008329521864652634 0
1693629063053 0.005466667469590902 0
1693629063137 0.005132905673235655 0
1693629063225 0.016164256259799004 0
1693629063314 0.016162406653165817 0
1693629063411 0.019778309389948845 0
1693629063504 0.022292818874120712 0
1693629063598 0.0029111765325069427 0
1693629063686 0.016210608184337616 0
1693629063774 0.02153826504945755 0
1693629063863 0.0045849718153476715 0
1693629063959 0.0012544021010398865 0
1693629064056 0.006238819099962711 0
1693629064147 0.005478089675307274 0
1693629064237 0.008861500769853592 0
1693629064325 0.008535915054380894 0
1693629064416 0.00223945127800107 0
1693629064505 0.045804768800735474 0
1693629064599 0.007818752899765968 0
1693629064686 0.0020526470616459846 0
1693629064767 0.010910306125879288 0
1693629064857 0.004688354209065437 0
1693629064943 0.002149844542145729 0
1693629065040 0.003627149621024728 0
1693629065128 0.0023381332866847515 0
1693629065220 0.003051948267966509 0
1693629065309 0.00754403043538332 0
1693629065409 0.016295304521918297 0
1693629065497 0.003675877582281828 0
1693629065594 0.009991973638534546 0
1693629065687 0.004821085836738348 0
1693629065779 0.0019268073374405503 0
1693629065863 0.0033318749628961086 0
1693629065961 0.002241516951471567 0
1693629066068 0.003275649156421423 0
1693629066162 0.017956655472517014 0
1693629066249 0.013880705460906029 0
1693629066335 0.004847503267228603 0
1693629066422 0.002548797754570842 0
1693629066515 0.009917969815433025 0
1693629066608 0.013159321621060371 0
1693629066709 0.007023210637271404 0
1693629066804 0.02399345487356186 0
1693629066896 0.008599594235420227 0
1693629066986 0.01698930934071541 0
1693629067072 0.02958669699728489 0
1693629067163 0.015072702430188656 0
1693629067254 0.014590711332857609 0
1693629067350 0.015707045793533325 0
1693629067456 0.006350704934448004 0
1693629067557 0.0159054733812809 0
1693629067654 0.008620754815638065 0
1693629067750 0.0055749136954545975 0
1693629067835 0.013249224983155727 0
1693629067928 0.026940256357192993 0
1693629068012 0.018905501812696457 0
1693629068111 0.01201065257191658 0
1693629068204 0.018203742802143097 0
1693629068286 0.008160087279975414 0
1693629068381 0.007337108254432678 0
1693629068487 0.023927055299282074 0
1693629068581 0.013338294811546803 0
1693629068671 0.008685740642249584 0
1693629068760 0.014232184737920761 0
1693629068849 0.013313927687704563 0
1693629068943 0.01957722008228302 0
1693629069043 0.004319749306887388 0
1693629069136 0.0017177823465317488 0
1693629069242 0.005320258438587189 0
1693629069336 0.006700890604406595 0
1693629069439 0.01078979205340147 0
1693629069545 0.0037680617533624172 0
1693629069650 0.0016317132394760847 0
1693629069749 0.005194993689656258 0
1693629069839 0.003806140972301364 0
1693629069934 0.006556927226483822 0
1693629070025 0.019776111468672752 0
1693629070127 0.004358573816716671 0
1693629070225 0.01642659865319729 0
1693629070316 0.006011663936078548 0
1693629070405 0.0048450687900185585 0
1693629070498 0.012852584943175316 0
1693629070588 0.011777522973716259 0
1693629070676 0.008549334481358528 0
1693629070770 0.004295896273106337 0
1693629070851 0.0038847008254379034 0
1693629070940 0.006579907611012459 0
1693629071031 0.004898883402347565 0
1693629071131 0.002846622373908758 0
1693629071214 0.007178096566349268 0
1693629071301 0.004161795601248741 0
1693629071387 0.008768248371779919 0
1693629071490 0.027812417596578598 0
1693629071593 0.009825952351093292 0
1693629071696 0.03179449215531349 0
1693629071794 0.003936555702239275 0
1693629071883 0.008269743993878365 0
1693629071985 0.021038226783275604 0
1693629072082 0.06024578958749771 0
1693629072178 0.02553681656718254 0
1693629072272 0.003895148169249296 0
1693629072376 0.011064431630074978 0
1693629072473 0.01158804539591074 0
1693629072572 0.002365296706557274 0
1693629072702 0.003778979182243347 0
1693629072791 0.006280120462179184 0
1693629072888 0.00606133509427309 0
1693629072982 0.0023623472079634666 0
1693629073065 0.002250654622912407 0
1693629073166 0.009953896515071392 0
1693629073254 0.008929249830543995 0
1693629073350 0.004518840461969376 0
1693629073447 0.0030413379427045584 0
1693629073546 0.005486530251801014 0
1693629073661 0.004124111495912075 0
1693629073765 0.11220747232437134 0
1693629073865 0.029083801433444023 0
1693629073959 0.004347019828855991 0
1693629074055 0.004116860218346119 0
1693629074148 0.009880275465548038 0
1693629074230 0.018144045025110245 0
1693629074311 0.04801914840936661 0
1693629074406 0.011115766130387783 0
1693629074504 0.007043761666864157 0
1693629074602 0.0047831423580646515 0
1693629074706 0.007745683658868074 0
1693629074795 0.012677934020757675 0
1693629074884 0.003003393765538931 0
1693629074993 0.004799276124686003 0
1693629075079 0.003016648581251502 0
1693629075181 0.017156317830085754 0
1693629075276 0.003418950829654932 0
1693629075377 0.007547915447503328 0
1693629075478 0.002521693240851164 0
1693629075593 0.0006746141007170081 0
1693629075706 0.0018651632126420736 0
1693629075819 0.0025590553414076567 0
1693629075915 0.0043693664483726025 0
1693629076013 0.0010805361671373248 0
1693629076111 0.00289531541056931 0
1693629076208 0.0018118543084710836 0
1693629076307 0.0007916433387435973 0
1693629076401 0.001299867290072143 0
1693629076500 0.0032679932191967964 0
1693629076605 0.005239865742623806 0
1693629076708 0.0006876224069856107 0
1693629076797 0.009454477578401566 0
1693629076901 0.004096066113561392 0
1693629076999 0.0037901222240179777 0
1693629077114 0.007383561693131924 0
1693629077228 0.0010579563677310944 0
1693629077333 0.0010998222278431058 0
1693629077445 0.0018576913280412555 0
1693629077569 0.006509485654532909 0
1693629077674 0.003889359999448061 0
1693629077769 0.02788405306637287 0
1693629077872 0.020967520773410797 0
1693629077978 0.0032409261912107468 0
1693629078086 0.004803323652595282 0
1693629078212 0.0074174972251057625 0
1693629078336 0.00696859136223793 0
1693629078456 0.002644298365339637 0
1693629078577 0.010965712368488312 0
1693629078692 0.0015548400115221739 0
1693629078796 0.00022304573212750256 0
1693629078886 0.002897299826145172 0
1693629078980 0.0029138794634491205 0
1693629079076 0.0004271483048796654 0
1693629079165 0.007340823765844107 0
1693629079258 0.0028393154498189688 0
1693629079392 0.0037410762161016464 0
1693629079496 0.0054975226521492004 0
1693629079604 0.007265170104801655 0
1693629079707 0.005605520214885473 0
1693629079811 0.00499087804928422 0
1693629079908 0.009144130162894726 0
1693629080005 0.004415166098624468 0
1693629080099 0.0015673143789172173 0
1693629080204 0.0034949341788887978 0
1693629080306 0.0030880700796842575 0
1693629080410 0.0031718930695205927 0
1693629080510 0.0006425970932468772 0
1693629080612 0.0014938083477318287 0
1693629080709 0.005168259609490633 0
1693629080794 0.009526374749839306 0
1693629080888 0.002153323031961918 0
1693629080981 0.001463462831452489 0
1693629081072 0.005199096165597439 0
1693629081166 0.006326561793684959 0
1693629081264 0.0007930661668069661 0
1693629081356 0.0017316191224381328 0
1693629081447 0.0016589406877756119 0
1693629081540 0.0020407678093761206 0
1693629081630 0.0015617931494489312 0
1693629081716 0.008610338903963566 0
1693629081808 0.0024397687520831823 0
1693629081912 0.0010301538277417421 0
1693629082011 0.0315474271774292 0
1693629082134 0.004171735141426325 0
1693629082238 0.008665649220347404 0
1693629082344 0.001957957400009036 0
1693629082433 0.004249779973179102 0
1693629082535 0.004539231304079294 0
1693629082628 0.009267274290323257 0
1693629082721 0.01294007059186697 0
1693629082823 0.001569070154801011 0
1693629082914 0.0037264449056237936 0
1693629083005 0.006035116501152515 0
1693629083098 0.005305150523781776 0
1693629083204 0.0011279474711045623 0
1693629083302 0.0034611073788255453 0
1693629083397 0.012862090952694416 0
1693629083490 0.01183624193072319 0
1693629083607 0.006690328940749168 0
1693629083705 0.013508092612028122 0
1693629083798 0.01587561145424843 0
1693629083904 0.009684772230684757 0
1693629084037 0.004220163449645042 0
1693629084148 0.0006831094506196678 0
1693629084253 0.02056220918893814 0
1693629084352 0.0006380598642863333 0
1693629084477 0.009618476033210754 0
1693629084599 0.0018164966022595763 0
1693629084722 0.0007521178340539336 0
1693629084826 0.009058332070708275 0
1693629084918 0.008412078954279423 0
1693629085019 0.003555655712261796 0
1693629085120 0.012162234634160995 0
1693629085218 0.00532028591260314 0
1693629085317 0.002441175514832139 0
1693629085419 0.002570018172264099 0
1693629085525 0.004741867072880268 0
1693629085623 0.0015266772825270891 0
1693629085729 0.020730404183268547 0
1693629085820 0.012822646647691727 0
1693629085908 0.005788495764136314 0
1693629086002 0.003136437153443694 0
1693629086093 0.0048406776040792465 0
1693629086202 0.0009755552164278924 0
1693629086298 0.01798570714890957 0
1693629086396 0.037621475756168365 0
1693629086496 0.010986531153321266 0
1693629086588 0.03149138763546944 0
1693629086680 0.0030247019603848457 0
1693629086779 0.008405971340835094 0
1693629086884 0.0012742106337100267 0
1693629086976 0.0018364517018198967 0
1693629087063 0.002209446858614683 0
1693629087144 0.016869228333234787 0
1693629087250 0.0014711953699588776 0
1693629087356 0.003916196525096893 0
1693629087468 0.00552775152027607 0
1693629087566 0.00411094119772315 0
1693629087671 0.0006807833560742438 0
1693629087767 0.005025183316320181 0
1693629087866 0.012002428993582726 0
1693629087969 0.004443228244781494 0
1693629088065 0.011985409073531628 0
1693629088157 0.008838954381644726 0
1693629088257 0.0020377631299197674 0
1693629088361 0.0038812863640487194 0
1693629088459 0.000765615317504853 0
1693629088564 0.0013707809848710895 0
1693629088659 0.005537204444408417 0
1693629088761 0.0029360109474509954 0
1693629088858 0.006829428486526012 0
1693629088978 0.006388687528669834 0
1693629089066 0.0019311056239530444 0
1693629089164 0.008925008587539196 0
1693629089265 0.0161832794547081 0
1693629089361 0.006689394824206829 0
1693629089468 0.0008095404482446611 0
1693629089580 0.000600254803430289 0
1693629089681 0.002187569858506322 0
1693629089780 0.002325578825548291 0
1693629089878 0.003720209002494812 0
1693629089975 0.001844900194555521 0
1693629090079 0.026446204632520676 0
1693629090181 0.002012796001508832 0
1693629090287 0.0060506174340844154 0
1693629090398 0.0007273868541233242 0
1693629090496 0.0007820387836545706 0
1693629090597 0.0007591861649416387 0
1693629090707 0.01121735479682684 0
1693629090818 0.0034773731604218483 0
1693629090927 0.003903837176039815 0
1693629091044 0.006268668919801712 0
1693629091147 0.005345810204744339 0
1693629091237 0.001905217650346458 0
1693629091334 0.007342905271798372 0
1693629091432 0.0062275417149066925 0
1693629091524 0.018628371879458427 0
1693629091620 0.013230170123279095 0
1693629091709 0.0022872015833854675 0
1693629091809 0.003489464521408081 0
1693629091897 0.008423514664173126 0
1693629091991 0.003402013098821044 0
1693629092087 0.00899539329111576 0
1693629092178 0.006842215079814196 0
1693629092276 0.0034456984139978886 0
1693629092369 0.0005936181987635791 0
1693629092456 0.001243531471118331 0
1693629092549 0.005207368638366461 0
1693629092643 0.0015368086751550436 0
1693629092727 0.009432847611606121 0
1693629092833 0.005552763119339943 0
1693629092927 0.0011621477315202355 0
1693629093018 0.0021377389784902334 0
1693629093121 0.008108261972665787 0
1693629093205 0.002818093169480562 0
1693629093295 0.005160284694284201 0
1693629093392 0.0012024635216221213 0
1693629093483 0.00039097003173083067 0
1693629093576 0.0012026967015117407 0
1693629093674 0.0030777468346059322 0
1693629093775 0.0028275533113628626 0
1693629093882 0.006534365937113762 0
1693629093983 0.00295716873370111 0
1693629094079 0.0014334156876429915 0
1693629094177 0.0023208337370306253 0
1693629094275 0.001986401155591011 0
1693629094382 0.002232450060546398 0
1693629094486 0.006261942908167839 0
1693629094577 0.005520705133676529 0
1693629094676 0.00022296274255495518 0
1693629094778 0.0042494721710681915 0
1693629094885 0.0014598504640161991 0
1693629094992 0.0024006012827157974 0
1693629095103 0.005465255584567785 0
1693629095198 0.00048123218584805727 0
1693629095322 0.0029313787817955017 0
1693629095442 0.005744333378970623 0
1693629095546 0.0026277268771082163 0
1693629095647 0.005643433891236782 0
1693629095754 0.0016178287332877517 0
1693629095886 0.0038901627995073795 0
1693629095998 0.018262866884469986 0
1693629096116 0.013959388248622417 0
1693629096225 0.003001641947776079 0
1693629096330 0.004282000008970499 0
1693629096425 0.006933880969882011 0
1693629096526 0.006674022879451513 0
1693629096625 0.016059599816799164 0
1693629096743 0.0020928955636918545 0
1693629096846 0.007748278323560953 0
1693629096949 0.00565742515027523 0
1693629097069 0.001293146749958396 0
1693629097181 0.0059797996655106544 0
1693629097304 0.006259778514504433 0
1693629097436 0.0010615751380100846 0
1693629097556 0.002282441593706608 0
1693629097692 0.005492491647601128 0
1693629097818 0.003227845998480916 0
1693629097941 0.0043997084721922874 0
1693629098055 0.0028528855182230473 0
1693629098168 0.0026265406049788 0
1693629098281 0.0019503457006067038 0
1693629098397 0.0016602214891463518 0
1693629098512 0.008541456423699856 0
1693629098635 0.009766289964318275 0
1693629098755 0.008611367084085941 0
1693629098871 0.010744418948888779 0
1693629098985 0.004083181265741587 0
1693629099086 0.008684402331709862 0
1693629099219 0.0038544589187949896 0
1693629099326 0.012275155633687973 0
1693629099429 0.009320097044110298 0
1693629099541 0.0015211665304377675 0
1693629099649 0.010851328261196613 0
1693629099751 0.004005875904113054 0
1693629099846 0.0027848132885992527 0
1693629099945 0.0012409061891958117 0
1693629100050 0.004264084622263908 0
1693629100157 0.0066773295402526855 0
1693629100266 0.005865307524800301 0
1693629100371 0.002093527466058731 0
1693629100467 0.0028406288474798203 0
1693629100566 0.002054335316643119 0
1693629100678 0.0032596036326140165 0
1693629100785 0.00022442472982220352 0
1693629100911 0.0031966259703040123 0
1693629101008 0.003143772017210722 0
1693629101113 0.0030737975612282753 0
1693629101232 0.0018475453834980726 0
1693629101347 0.0006865237955935299 0
1693629101460 0.005453872494399548 0
1693629101567 0.00506586953997612 0
1693629101671 0.006625930778682232 0
1693629101767 0.002118109492585063 0
1693629101885 0.002859190572053194 0
1693629102001 0.0062135690823197365 0
1693629102125 0.0023055728524923325 0
1693629102234 0.005593590438365936 0
1693629102340 0.0038715670816600323 0
1693629102448 0.0007663114229217172 0
1693629102548 0.003688013181090355 0
1693629102646 0.0007476332830265164 0
1693629102752 0.001046760007739067 0
1693629102845 0.0027862354181706905 0
1693629102941 0.006702665239572525 0
1693629103042 0.01570458896458149 0
1693629103148 0.003182558808475733 0
1693629103245 0.00041449605487287045 0
1693629103345 0.0026926686987280846 0
1693629103447 0.0019392617978155613 0
1693629103551 0.0022980752401053905 0
1693629103657 0.0005422236281447113 0
1693629103761 0.00304908724501729 0
1693629103859 0.0009329215972684324 0
1693629103982 0.00033501393045298755 0
1693629104092 0.0016148168360814452 0
1693629104194 0.0045462544076144695 0
1693629104304 0.0008275872096419334 0
1693629104418 0.0014949188334867358 0
1693629104531 0.001670074532739818 0
1693629104637 0.0006562662892974913 0
1693629104753 0.0016763650346547365 0
1693629104869 0.0010939709609374404 0
1693629104990 0.0007015367737039924 0
1693629105098 0.0015410875203087926 0
1693629105211 0.0019316718680784106 0
1693629105311 0.0026810294948518276 0
1693629105426 0.0010067772818729281 0
1693629105542 0.0013667792081832886 0
1693629105636 0.00032490157173015177 0
1693629105745 0.001402640133164823 0
1693629105855 0.007463850546628237 0
1693629105965 0.0007447316311299801 0
1693629106072 0.00610509654507041 0
1693629106181 0.002826447132974863 0
1693629106292 0.0007997502107173204 0
1693629106408 0.010357975959777832 0
1693629106517 0.006572611629962921 0
1693629106618 0.005245010834187269 0
1693629106719 0.0035945307463407516 0
1693629106820 0.003844119142740965 0
1693629106919 0.004604405723512173 0
1693629107025 0.0009364247089251876 0
1693629107118 0.0048520565032958984 0
1693629107233 0.0008266719523817301 0
1693629107334 0.002867296803742647 0
1693629107422 0.002438491676002741 0
1693629107542 0.002358675468713045 0
1693629107638 0.0034013695549219847 0
1693629107737 0.0016644735587760806 0
1693629107829 0.0017572280485183 0
1693629107929 0.0026917029172182083 0
1693629108030 0.002642564009875059 0
1693629108134 0.001520258723758161 0
1693629108236 0.007501464337110519 0
1693629108338 0.005639281589537859 0
1693629108459 0.001242185477167368 0
1693629108563 0.002823714865371585 0
1693629108661 0.0026694368571043015 0
1693629108757 0.003281679470092058 0
1693629108857 0.010882807895541191 0
1693629108999 0.010598953813314438 0
1693629109118 0.0026994748041033745 0
1693629109220 0.005173811689019203 0
1693629109320 0.0017074145143851638 0
1693629109418 0.018744895234704018 0
1693629109522 0.00019530041026882827 0
1693629109636 0.0007997375214472413 0
1693629109745 0.00615615164861083 0
1693629109851 0.0015722686657682061 0
1693629109957 0.0030723672825843096 0
1693629110050 0.001523999497294426 0
1693629110142 0.0018919461872428656 0
1693629110241 0.0010933863231912255 0
1693629110342 0.0038237476255744696 0
1693629110452 0.0034067234955728054 0
1693629110549 0.00360427750274539 0
1693629110647 0.005356941372156143 0
1693629110751 0.0005670930841006339 0
1693629110845 0.0006530039245262742 0
1693629110945 0.004706337582319975 0
1693629111038 0.0005244021886028349 0
1693629111141 0.0005955255473963916 0
1693629111237 0.001920932438224554 0
1693629111334 0.001497333636507392 0
1693629111444 0.002347925677895546 0
1693629111537 0.0004573651240207255 0
1693629111635 0.00059268664335832 0
1693629111730 0.000855158141348511 0
1693629111824 0.00039473254582844675 0
1693629111932 0.0038173357024788857 0
1693629112058 0.0025780946016311646 0
1693629112178 0.0004981446545571089 0
1693629112298 0.001032839878462255 0
1693629112398 0.0006144163198769093 0
1693629112516 0.0036457632668316364 0
1693629112630 0.0015738536603748798 0
1693629112730 0.005781496409326792 0
1693629112851 0.0016001507174223661 0
1693629112987 0.0020546521991491318 0
1693629113105 0.004193116445094347 0
1693629113245 0.0009372875792905688 0
1693629113382 0.0014711691765114665 0
1693629113501 0.0005965520394966006 0
1693629113599 0.0006926072528585792 0
1693629113698 0.002189505146816373 0
1693629113808 0.004180357791483402 0
1693629113910 0.0012082604225724936 0
1693629114013 0.001025012112222612 0
1693629114109 0.004684207495301962 0
1693629114216 0.0013479416957125068 0
1693629114322 0.0012275264598429203 0
1693629114431 0.0011199614964425564 0
1693629114546 0.0010329759679734707 0
1693629114668 0.0020690602250397205 0
1693629114776 0.005248873960226774 0
1693629114881 0.003909404389560223 0
1693629114980 0.0022550146095454693 0
1693629115079 0.011801609769463539 0
1693629115187 0.0078375693410635 0
1693629115301 0.002742546610534191 0
1693629115400 0.0016956417821347713 0
1693629115509 0.0043745324946939945 0
1693629115628 0.0016353155951946974 0
1693629115732 0.004240634385496378 0
1693629115838 0.0014670088421553373 0
1693629115950 0.0011870309244841337 0
1693629116047 0.0010116503108292818 0
1693629116151 0.002398847369477153 0
1693629116258 0.0015262486413121223 0
1693629116356 0.002647016430273652 0
1693629116461 0.007119867950677872 0
1693629116563 0.004816117230802774 0
1693629116659 0.025455905124545097 0
1693629116779 0.01864614337682724 0
1693629116892 0.005651833023875952 0
1693629116990 0.004380079917609692 0
1693629117094 0.0011489607859402895 0
1693629117192 0.0033006879966706038 0
1693629117309 0.023680388927459717 0
1693629117411 0.0026191077195107937 0
1693629117516 0.005386484786868095 0
1693629117620 0.0024319190997630358 0
1693629117729 0.0005293468129821122 0
1693629117829 0.014182556420564651 0
1693629117928 0.010854601860046387 0
1693629118031 0.005334733985364437 0
1693629118132 0.014433340169489384 0
1693629118263 0.004214848857372999 0
1693629118362 0.003603182267397642 0
1693629118465 0.0047987839207053185 0
1693629118569 0.002325905952602625 0
1693629118675 0.00798047799617052 0
1693629118777 0.008716176263988018 0
1693629118875 0.0040137446485459805 0
1693629118970 0.002612947952002287 0
1693629119070 0.007540547754615545 0
1693629119177 0.001922737923450768 0
1693629119273 0.01037287712097168 0
1693629119376 0.0008718991884961724 0
1693629119479 0.0037802723236382008 0
1693629119581 0.0035237078554928303 0
1693629119679 0.0007184837013483047 0
1693629119773 0.002436248352751136 0
1693629119868 0.0006801747949793935 0
1693629119970 0.0008926479495130479 0
1693629120085 0.0007055582827888429 0
1693629120200 0.003360473783686757 0
1693629120319 0.005301929544657469 0
1693629120437 0.0006891068769618869 0
1693629120547 0.005039123818278313 0
1693629120665 0.014099456369876862 0
1693629120766 0.0018047551857307553 0
1693629120880 0.000611162162385881 0
1693629120980 0.007733938749879599 0
1693629121095 0.008430702611804008 0
1693629121201 0.001880304771475494 0
1693629121314 0.0005988248740322888 0
1693629121408 0.0012144590727984905 0
1693629121512 0.0023929052986204624 0
1693629121617 0.00413572508841753 0
1693629121719 0.0007635402726009488 0
1693629121829 0.002269322983920574 0
1693629121937 0.0037490976974368095 0
1693629122037 0.0018725438276305795 0
1693629122140 0.0008152862428687513 0
1693629122247 0.0016514186281710863 0
1693629122350 0.0022566732950508595 0
1693629122458 0.005441296845674515 0
1693629122571 0.00250731292180717 0
1693629122679 0.0003194116288796067 0
1693629122776 0.001490014255978167 0
1693629122877 0.007138236425817013 0
1693629122982 0.00650180084630847 0
1693629123077 0.0023255660198628902 0
1693629123174 0.007762625813484192 0
1693629123275 0.0060501317493617535 0
1693629123381 0.0007684924057684839 0
1693629123487 0.0019739819690585136 0
1693629123586 0.004698003642261028 0
1693629123687 0.005324530880898237 0
1693629123786 0.0027013926301151514 0
1693629123886 0.0034027942456305027 0
1693629123989 0.001402122899889946 0
1693629124086 0.014298483729362488 0
1693629124203 0.0055762347765266895 0
1693629124302 0.0007704194285906851 0
1693629124398 0.004028933122754097 0
1693629124503 0.0003211074508726597 0
1693629124609 0.006530218757688999 0
1693629124715 0.005722441710531712 0
1693629124825 0.008297505788505077 0
1693629124929 0.0007768640643917024 0
1693629125035 0.0011881483951583505 0
1693629125147 0.0028561227954924107 0
1693629125255 0.0032293915282934904 0
1693629125362 0.005168815143406391 0
1693629125462 0.0064256321638822556 0
1693629125572 0.008090320974588394 0
1693629125676 0.01016705296933651 0
1693629125771 0.0012159037869423628 0
1693629125870 0.0015619243495166302 0
1693629125968 0.002816592575982213 0
1693629126075 0.003512915223836899 0
1693629126181 0.0018348211888223886 0
1693629126279 0.000728479353711009 0
