0.019764766540485108
0.009773980717139117
0.007371262388057698
0.00622571205310998
0.005511039214180545
0.004994620062050463
0.004606985778267536
0.00431208538631523
0.004084553527660597
0.00582304630194239
0.004128165308209611
0.0036371167384719794
0.0035673399840683265
0.0035122353222093597
0.0034737331550983583
0.0034466186639553254
0.0034261348549421925
0.0034092302668830795
0.003394278144325978
0.003380492113265179
0.003367540269539911
0.003355320329869842
0.0033438260543566484
0.0031367344483303108
0.003367440083774495
0.003343692702273868
0.003326380250724863
0.003312793356043162
0.0033017071097448565
0.003292499020937415
0.003284776245561209
0.0032782527563610013
0.003272706618092088
0.003267968537109447
0.003263901301457956
0.003260394251886103
0.0032573584639571107
0.003254720363187586
0.0032524215515367804
0.0032504105484068607
0.003248647554402364
0.0032470978334528293
0.0032457338529638946
0.0032445296830909956
0.003243465137454402
0.003242523137666878
0.003241686850962686
0.003240944920174457
0.0032402849791402437
0.0032396984650311504
