0.016123406802582892
0.010001622910083384
0.00836096481927285
0.007159103725437716
0.006275494481551099
0.005607486605180048
0.005088573711172375
0.004676840378002673
0.004344825387434073
0.0040736915849543705
0.0038501005158181286
0.0036643927973979834
0.003509409747911012
0.0033797026407210882
0.0032710046809578943
0.0031798845022630575
0.0031035297013971967
0.0030395974945291804
0.0029861211040239652
0.002941441955693677
0.002904157059257524
0.00287308002570733
0.002847205261161527
0.0028256847557261776
0.0028078038233204797
0.0027929593167181728
0.0027806445192300956
0.002770433761476047
0.0027619710948042406
0.002754959975651786
0.0027491526352315786
0.0027443398445307805
0.002740350867689077
0.0027370443724275264
0.0027343021074731117
0.002732024318056632
0.0027301319771754753
0.0027285581489855863
0.0027272481009531706
0.0027261543596329486
0.002725241323347221
0.002724478104775386
0.0027238390159868833
0.0027233024823307326
0.0027228514623092665
0.0027224721460622457
0.0027221509011330345
0.002721881006019795
0.002721652179284638
0.0027214580988155525
