0.01627775081477564
0.010931642837321408
0.008442677422264544
0.006755131384861785
0.00568662048188551
0.00503189778607486
0.0046241567925110905
0.004357633634972905
0.004159947368758436
0.004016704868769886
0.0038910917856706945
0.0037845715059223878
0.0036876298779329945
0.003600644688578794
0.0035236566513555737
0.003452644365304739
0.003387441740207716
0.003331762470881148
0.0032760840582755643
0.0032272001003030145
0.0031846069997541982
0.003141737069648726
0.0031044374272018033
0.003070482227117224
0.0030402081828458305
0.0030106257201876797
0.0029847053908580866
0.0029612910884795
0.0029398461444969464
0.002920187661045561
0.0029025329614008034
0.002886212773509088
0.002871412469981875
0.0028580388207507285
0.0028457939479267225
0.0028347479248761282
0.002824719280742781
0.002815638089889979
0.002807418349761917
0.0027999915740720906
0.0027932682875145957
0.0027871974950208316
0.002781716209823042
0.0027767727293348224
0.0027723167610319353
0.00276830267452906
0.0027647141950747256
0.002761435220489585
0.0027585073119645374
0.00275587896271933
