0.008919157291161297
0.006751249797783698
0.005620388738528083
0.004902573826625543
0.004443146908969642
0.004115688477132964
0.0038682579151664187
0.003675397126485971
0.003521682754788206
0.0033971792036487686
0.0032951529463826784
0.003210810192711828
0.0031405998553411707
0.003081807338955364
0.0030323173239225924
0.002990458532909957
0.0029548990392476862
0.00292456916922444
0.002898604856638969
0.0028763020168356243
0.002857085423473316
0.002840481874978028
0.002826097365903456
0.002813605268933822
0.00280273178278445
0.0027932476635824867
0.0027849594673769597
0.002777703422124651
0.002771339128921221
0.002765749336907027
0.00276083151586619
0.002756498745367037
0.00275267645034385
0.0027492998721950416
0.0027463139131329245
0.0027436692055087843
0.002741324587848886
0.002739244012664591
0.002737394733541598
0.0027357493048309808
0.0027342856188578815
0.0027329804566600417
0.002731816208946424
0.0027307758641597238
0.0027298469938591263
0.002729015018683387
0.0027282703402629004
0.0027276040108276155
0.0027270058138278326
0.0027264688794701535
