1693628893577 0.09312548488378525 0
1693628893661 0.15910744667053223 0
1693628893743 0.21881425380706787 0
1693628893818 0.250505656003952 0
1693628893894 0.2771978974342346 0
1693628893980 0.2934526801109314 0
1693628894071 0.32194843888282776 0
1693628894151 0.3760758340358734 0
1693628894230 0.44532549381256104 0
1693628894310 0.49127233028411865 0
1693628894390 0.5405692458152771 0
1693628894473 0.5739990472793579 0
1693628894556 0.6166954636573792 0
1693628894636 0.6525716185569763 0
1693628894716 0.6957894563674927 0
1693628894792 0.7287617921829224 0
1693628894864 0.7641003131866455 0
1693628894937 0.8014753460884094 0
1693628895020 0.8320329785346985 0
1693628895100 0.862946093082428 0
1693628895180 0.8917261958122253 0
1693628895255 0.9129581451416016 0
1693628895341 0.9352917671203613 0
1693628895427 0.9748936891555786 0
1693628895504 1.0085073709487915 0
1693628895589 1.0198453664779663 0
1693628895668 1.0337663888931274 0
1693628895749 1.045078158378601 0
1693628895835 1.0529512166976929 0
1693628895908 1.0576729774475098 0
1693628896017 1.0590983629226685 0
1693628896103 1.0601857900619507 0
1693628896185 1.0805376768112183 0
1693628896262 1.082061767578125 0
1693628896345 1.0953770875930786 0
1693628896428 1.1045645475387573 0
1693628896512 1.111594557762146 0
1693628896593 1.1205884218215942 0
1693628896682 1.1416966915130615 0
1693628896761 1.1548216342926025 0
1693628896847 1.176719069480896 0
1693628896937 1.192625880241394 0
1693628897015 1.2114607095718384 0
1693628897091 1.239391565322876 0
1693628897171 1.2629804611206055 0
1693628897260 1.2904906272888184 0
1693628897345 1.3085681200027466 0
1693628897437 1.3171149492263794 0
1693628897518 1.319823145866394 0
1693628897606 1.3215998411178589 0
1693628897687 1.3297499418258667 0
1693628897765 1.332620620727539 0
1693628897839 1.3328063488006592 0
1693628897917 1.3335920572280884 0
1693628897997 1.3356295824050903 0
1693628898078 1.341313362121582 0
1693628898154 1.3455978631973267 0
1693628898236 1.3586599826812744 0
1693628898313 1.3697055578231812 0
1693628898396 1.3852471113204956 0
1693628898480 1.3871605396270752 0
1693628898554 1.3879016637802124 0
1693628898627 1.388526201248169 0
1693628898701 1.3928858041763306 0
1693628898786 1.397995114326477 0
1693628898867 1.402628779411316 0
1693628898948 1.409234881401062 0
1693628899038 1.4165291786193848 0
1693628899119 1.4252134561538696 0
1693628899206 1.434607744216919 0
1693628899295 1.44380784034729 0
1693628899392 1.4520783424377441 0
1693628899484 1.4554681777954102 0
1693628899572 1.4591472148895264 0
1693628899659 1.4596580266952515 0
1693628899739 1.461233377456665 0
1693628899814 1.4637255668640137 0
1693628899895 1.4640485048294067 0
1693628899976 1.4659788608551025 0
1693628900051 1.4714734554290771 0
1693628900138 1.4791582822799683 0
1693628900220 1.4879043102264404 0
1693628900297 1.499429702758789 0
1693628900380 1.5101308822631836 0
1693628900460 1.5129321813583374 0
1693628900530 1.5299959182739258 0
1693628900613 1.541835069656372 0
1693628900692 1.5583566427230835 0
1693628900772 1.5740838050842285 0
1693628900849 1.5855602025985718 0
1693628900930 1.6011029481887817 0
1693628901012 1.618513822555542 0
1693628901097 1.6312389373779297 0
1693628901182 1.6423989534378052 0
1693628901268 1.6550121307373047 0
1693628901362 1.6717853546142578 0
1693628901445 1.6835248470306396 0
1693628901525 1.6892657279968262 0
1693628901600 1.6899067163467407 0
1693628901679 1.6918416023254395 0
1693628901763 1.7042148113250732 0
1693628901848 1.708227276802063 0
1693628901926 1.7144367694854736 0
1693628902004 1.7261707782745361 0
1693628902089 1.7373828887939453 0
1693628902171 1.744914174079895 0
1693628902269 1.751657247543335 0
1693628902364 1.7534979581832886 0
1693628902437 1.757843255996704 0
1693628902525 1.7590103149414062 0
1693628902614 1.7603715658187866 0
1693628902702 1.7635005712509155 0
1693628902791 1.767225980758667 0
1693628902872 1.7708781957626343 0
1693628902951 1.7716678380966187 0
1693628903046 1.775828242301941 0
1693628903126 1.7827237844467163 0
1693628903217 1.783861517906189 0
1693628903292 1.7881112098693848 0
1693628903392 1.7931488752365112 0
1693628903476 1.7999725341796875 0
1693628903565 1.8047997951507568 0
1693628903645 1.808645248413086 0
1693628903731 1.8136751651763916 0
1693628903817 1.8784058094024658 0
1693628903900 1.9431326389312744 0
1693628904026 2.018281936645508 0
1693628904110 2.0241568088531494 0
1693628904195 2.025507688522339 0
1693628904270 2.0257084369659424 0
1693628904359 2.0260565280914307 0
1693628904436 2.0267341136932373 0
1693628904524 2.0277726650238037 0
1693628904614 2.0373449325561523 0
1693628904709 2.041506290435791 0
1693628904796 2.074460744857788 0
1693628904889 2.0988211631774902 0
1693628904976 2.126422882080078 0
1693628905056 2.1339704990386963 0
1693628905142 2.1366629600524902 0
1693628905229 2.140868902206421 0
1693628905320 2.1485486030578613 0
1693628905417 2.1531572341918945 0
1693628905507 2.156801462173462 0
1693628905596 2.1590750217437744 0
1693628905677 2.168034076690674 0
1693628905765 2.1720824241638184 0
1693628905848 2.1788835525512695 0
1693628905930 2.179112434387207 0
1693628906018 2.1798720359802246 0
1693628906105 2.1818387508392334 0
1693628906191 2.191558599472046 0
1693628906277 2.1951816082000732 0
1693628906360 2.197072744369507 0
1693628906440 2.20296049118042 0
1693628906522 2.2054967880249023 0
