1693628893581 0.09312548488378525 0
1693628893664 0.06598195433616638 0
1693628893747 0.059706807136535645 0
1693628893821 0.03169140964746475 0
1693628893898 0.026692233979701996 0
1693628893984 0.016254788264632225 0
1693628894075 0.028495747596025467 0
1693628894160 0.05412740260362625 0
1693628894234 0.06924964487552643 0
1693628894314 0.04594684764742851 0
1693628894394 0.049296922981739044 0
1693628894476 0.033429794013500214 0
1693628894559 0.04269641637802124 0
1693628894641 0.03587615117430687 0
1693628894719 0.04321780800819397 0
1693628894795 0.0329723097383976 0
1693628894867 0.03533852845430374 0
1693628894942 0.037375014275312424 0
1693628895024 0.030557651072740555 0
1693628895103 0.030913108959794044 0
1693628895184 0.028780082240700722 0
1693628895259 0.02123197726905346 0
1693628895345 0.022333618253469467 0
1693628895430 0.03960192948579788 0
1693628895508 0.03361368179321289 0
1693628895594 0.01133796852082014 0
1693628895671 0.01392107643187046 0
1693628895753 0.0113117266446352 0
1693628895840 0.007873049937188625 0
1693628895912 0.004721800331026316 0
1693628896021 0.0014253692934289575 0
1693628896107 0.0010873825522139668 0
1693628896190 0.020351918414235115 0
1693628896266 0.0015240417560562491 0
1693628896349 0.013315281830728054 0
1693628896433 0.009187452495098114 0
1693628896517 0.007029959931969643 0
1693628896598 0.008993886411190033 0
1693628896685 0.02110832743346691 0
1693628896764 0.013124934397637844 0
1693628896851 0.02189747989177704 0
1693628896942 0.01590684987604618 0
1693628897018 0.01883484236896038 0
1693628897096 0.027930820360779762 0
1693628897176 0.023588886484503746 0
1693628897264 0.027510177344083786 0
1693628897349 0.018077507615089417 0
1693628897443 0.008546869270503521 0
1693628897521 0.0027081691659986973 0
1693628897611 0.0017767432145774364 0
1693628897691 0.008150107227265835 0
1693628897768 0.0028706779703497887 0
1693628897844 0.0001857540337368846 0
1693628897921 0.0007856785086914897 0
1693628898000 0.0020375316962599754 0
1693628898081 0.005683773662894964 0
1693628898158 0.004284559283405542 0
1693628898239 0.013062122277915478 0
1693628898316 0.011045614257454872 0
1693628898400 0.015541542321443558 0
1693628898483 0.001913476618938148 0
1693628898558 0.0007410974940285087 0
1693628898631 0.0006245680851861835 0
1693628898704 0.004359635058790445 0
1693628898790 0.005109318997710943 0
1693628898871 0.0046336655505001545 0
1693628898951 0.0066060773096978664 0
1693628899042 0.0072942450642585754 0
1693628899122 0.008684325031936169 0
1693628899210 0.009394342079758644 0
1693628899300 0.00920010730624199 0
1693628899396 0.008270541206002235 0
1693628899487 0.0033898164983838797 0
1693628899577 0.0036790170706808567 0
1693628899662 0.0005107887554913759 0
1693628899743 0.001575328758917749 0
1693628899817 0.0024921423755586147 0
1693628899898 0.0003229145077057183 0
1693628899980 0.0019303604494780302 0
1693628900054 0.0054945917800068855 0
1693628900142 0.007684864103794098 0
1693628900224 0.0087460121139884 0
1693628900301 0.011525367386639118 0
1693628900384 0.010701212100684643 0
1693628900463 0.0028013172559440136 0
1693628900534 0.017063762992620468 0
1693628900615 0.01183912344276905 0
1693628900697 0.01652161404490471 0
1693628900777 0.01572718657553196 0
1693628900852 0.011476450599730015 0
1693628900932 0.015542766079306602 0
1693628901016 0.017410852015018463 0
1693628901101 0.012725112028419971 0
1693628901186 0.011160008609294891 0
1693628901273 0.012613154947757721 0
1693628901366 0.0167732834815979 0
1693628901448 0.011739450506865978 0
1693628901529 0.005740863736718893 0
1693628901603 0.0006409735651686788 0
1693628901682 0.0019349040230736136 0
1693628901766 0.012373172678053379 0
1693628901851 0.004012462217360735 0
1693628901929 0.0062094456516206264 0
1693628902008 0.011734016239643097 0
1693628902094 0.0112121207639575 0
1693628902175 0.007531341165304184 0
1693628902276 0.006743029225617647 0
1693628902368 0.0018406625604256988 0
1693628902443 0.004345347639173269 0
1693628902530 0.001167044509202242 0
1693628902618 0.0013613079208880663 0
1693628902708 0.003128958633169532 0
1693628902796 0.0037254050839692354 0
1693628902877 0.0036521689034998417 0
1693628902955 0.0007896049646660686 0
1693628903050 0.00416035670787096 0
1693628903130 0.006895534694194794 0
1693628903221 0.001137767918407917 0
1693628903298 0.004249702673405409 0
1693628903397 0.005037677474319935 0
1693628903481 0.006823638454079628 0
1693628903568 0.004827222786843777 0
1693628903649 0.003845426021143794 0
1693628903735 0.005029959604144096 0
1693628903821 0.06473063677549362 0
1693628903904 0.06472676992416382 0
1693628904030 0.07514931261539459 0
1693628904114 0.005874905735254288 0
1693628904199 0.00135083741042763 0
1693628904275 0.00020068725279998034 0
1693628904364 0.00034819921711459756 0
1693628904439 0.0006775239598937333 0
1693628904530 0.0010384658817201853 0
1693628904618 0.009572165086865425 0
1693628904714 0.004161310847848654 0
1693628904800 0.03295452892780304 0
1693628904893 0.024360427632927895 0
1693628904980 0.027601778507232666 0
1693628905060 0.007547652814537287 0
1693628905146 0.002692451234906912 0
1693628905232 0.004205944947898388 0
1693628905325 0.0076797534711658955 0
1693628905422 0.004608726128935814 0
1693628905510 0.003644303884357214 0
1693628905600 0.0022736231330782175 0
1693628905681 0.008959032595157623 0
1693628905769 0.004048300441354513 0
1693628905851 0.0068011777475476265 0
1693628905934 0.0002288107934873551 0
1693628906023 0.0007595643401145935 0
1693628906110 0.0019667947199195623 0
1693628906195 0.009719792753458023 0
1693628906281 0.003622966120019555 0
1693628906364 0.0018910985672846437 0
1693628906444 0.005887743551284075 0
1693628906527 0.0025363219901919365 0
