0.011612371624593948
0.007096056854772641
0.005955887662255006
0.005373512727235215
0.005012421203351701
0.004775962882716887
0.004568914492122126
0.0045166795125071955
0.004428012426501845
0.004362941979410718
0.004311077273403719
0.004269467037578254
0.0042358850310591925
0.004208685321153813
0.004186573731540745
0.004168534436043099
0.00415375307840787
0.004141594801415786
0.004131557396301566
0.004123230458503349
0.004116305020891098
0.004110525711079239
0.004105687147142753
0.004101626056296392
0.004098211503446328
0.004095328789251874
0.004092895908550813
0.004094394173771783
0.00408827036085531
0.004087431169036296
0.004086343798528001
0.004085245369993752
0.00408432027182072
0.004083544471404675
0.00408288487215206
0.004082323678285146
0.004081845144596787
0.004081433621141418
0.004081077845387535
0.004080774209895595
0.0040805096598890665
0.004080285219708876
0.004080093660981708
0.004079925479952846
0.004079781017354455
0.004079655894059625
0.004079551318272498
0.0040794582069305085
0.0040793798205634455
0.00407931047572439
