0.02296936633566371
0.011691987410606227
0.009100665162240828
0.007384493457053234
0.006393766747581289
0.0057217639884204145
0.005256123757549809
0.004888539833953911
0.004600349292777997
0.004363596233055938
0.0041715617216475116
0.004005613212202546
0.0038602141010622153
0.0037362417725616288
0.0036309198450585945
0.0035435563241444008
0.003476598786700022
0.003408638743132565
0.003358569084239322
0.0033152291173250944
0.003277855650433398
0.0032444416898629877
0.003215638680281884
0.003189477388551046
0.0031662922495492747
0.0031454322183257135
0.0031286003016513077
0.0031109869743909547
0.0030955273919234852
0.003081113960825296
0.003068391406463601
0.0030568405712108845
0.003046348349477129
0.0030368203953014617
0.0030281602899039964
0.003020303871311672
0.0030131714431056163
0.0030067068881272706
0.0030008583105629004
0.002995565884541779
0.0029886026811105186
0.0029866748301185598
0.002982629668645419
0.0029790949283088146
0.002975888171747527
0.0029729979103165854
0.002970388861147604
0.0029680355707304316
0.002965912706575274
0.0029639973273114712
