0.024493933053966018
0.0112583215365477
0.0076667219055608915
0.006177143821460165
0.0054268499930496
0.004935543508503206
0.004563102596157651
0.00428299202026123
0.004019124660853024
0.0038146708476888076
0.003645565529104773
0.0035047824294336
0.003387249623956218
0.0032888513422129188
0.0032062205355495783
0.003136620107536934
0.003077828240707653
0.0030280491973942287
0.00298583560823804
0.002950012010402064
0.0029196137194239954
0.00289383997316146
0.002872009854596909
0.002853536343270213
0.0028379128818217794
0.0028246986182187063
0.0028135119612954533
0.0028040251175755824
0.0027959617179192627
0.0027890887432494406
0.0027832109663690364
0.0027781695343077977
0.0027738288051417617
0.0027700810829269446
0.00276683414281512
0.0027640149340991548
0.002761561155580963
0.0028481719404411542
0.0027641829961145615
0.002755615395211294
0.0027539372764109594
0.0027526650256343827
0.0027515952969207223
0.002750687784523478
0.0027499008037863227
0.0027492114731665273
0.0027486049870635637
0.002748068344592455
0.0027475921132388247
0.002747170234308133
