1693628518947 0.19490142166614532 0
1693628519025 0.3912201523780823 0
1693628519097 0.5423581600189209 0
1693628519168 0.7069532871246338 0
1693628519242 0.9334026575088501 0
1693628519316 1.224532127380371 0
1693628519388 1.4829020500183105 0
1693628519476 1.653036117553711 0
1693628519557 1.7470728158950806 0
1693628519640 1.8313727378845215 0
1693628519725 1.8994044065475464 0
1693628519813 1.9532119035720825 0
1693628519896 2.0096800327301025 0
1693628519990 2.0218467712402344 0
1693628520088 2.035388231277466 0
1693628520178 2.0374157428741455 0
1693628520288 2.0422842502593994 0
1693628520386 2.0471510887145996 0
1693628520475 2.0527074337005615 0
1693628520564 2.056999921798706 0
1693628520658 2.0697338581085205 0
1693628520747 2.0806493759155273 0
1693628520847 2.091926097869873 0
1693628520938 2.10542893409729 0
1693628521028 2.143582820892334 0
1693628521117 2.1540329456329346 0
1693628521212 2.1589081287384033 0
1693628521303 2.1615514755249023 0
1693628521387 2.163294553756714 0
1693628521477 2.235320806503296 0
1693628521564 2.2719738483428955 0
1693628521654 2.3029067516326904 0
1693628521744 2.303513288497925 0
1693628521833 2.3100125789642334 0
1693628521925 2.329436779022217 0
1693628522012 2.3597769737243652 0
1693628522099 2.3844645023345947 0
1693628522192 2.410721778869629 0
1693628522277 2.429565191268921 0
1693628522361 2.4672064781188965 0
1693628522445 2.4927480220794678 0
1693628522529 2.532212257385254 0
1693628522620 2.5418519973754883 0
1693628522711 2.566251754760742 0
1693628522802 2.568525552749634 0
1693628522895 2.576591730117798 0
1693628522986 2.585946798324585 0
1693628523079 2.608400344848633 0
1693628523164 2.6341006755828857 0
1693628523254 2.688938617706299 0
1693628523332 2.7303528785705566 0
1693628523415 2.76328444480896 0
1693628523502 2.837007761001587 0
1693628523598 2.977893352508545 0
1693628523688 3.0065083503723145 0
1693628523780 3.010735034942627 0
1693628523870 3.0185866355895996 0
1693628523950 3.023301124572754 0
1693628524034 3.0262904167175293 0
1693628524118 3.0563344955444336 0
1693628524209 3.067514181137085 0
1693628524299 3.082033395767212 0
1693628524394 3.0903091430664062 0
1693628524485 3.1002845764160156 0
1693628524570 3.1178576946258545 0
1693628524659 3.1524760723114014 0
1693628524751 3.182410478591919 0
1693628524844 3.1945371627807617 0
1693628524941 3.2296578884124756 0
1693628525028 3.2344915866851807 0
1693628525121 3.241370677947998 0
1693628525211 3.245713472366333 0
1693628525295 3.2518444061279297 0
1693628525382 3.2647180557250977 0
1693628525464 3.274449110031128 0
1693628525541 3.298699378967285 0
1693628525634 3.312192440032959 0
1693628525716 3.3161842823028564 0
1693628525808 3.3175337314605713 0
1693628525895 3.327446460723877 0
1693628525984 3.33827543258667 0
1693628526066 3.346261978149414 0
1693628526157 3.3647825717926025 0
1693628526248 3.3671138286590576 0
1693628526336 3.376368761062622 0
1693628526418 3.3799798488616943 0
1693628526499 3.3846120834350586 0
1693628526585 3.390881299972534 0
1693628526668 3.3920986652374268 0
1693628526752 3.39436411857605 0
1693628526840 3.3975119590759277 0
1693628526927 3.4030966758728027 0
1693628527022 3.4072065353393555 0
1693628527109 3.412968397140503 0
1693628527200 3.4177308082580566 0
1693628527296 3.428352117538452 0
1693628527375 3.4318268299102783 0
1693628527468 3.4392337799072266 0
1693628527556 3.455765962600708 0
1693628527651 3.484858751296997 0
1693628527738 3.485290288925171 0
1693628527838 3.499636650085449 0
1693628527935 3.5092623233795166 0
1693628528026 3.512085437774658 0
1693628528134 3.5162510871887207 0
1693628528219 3.5196638107299805 0
1693628528332 3.5255119800567627 0
1693628528437 3.5306413173675537 0
1693628528537 3.542463779449463 0
1693628528635 3.5579819679260254 0
1693628528729 3.5634307861328125 0
1693628528821 3.574246883392334 0
1693628528926 3.5836336612701416 0
1693628529031 3.5856218338012695 0
1693628529128 3.587750196456909 0
1693628529234 3.5894293785095215 0
1693628529354 3.592740535736084 0
1693628529449 3.5940520763397217 0
1693628529534 3.598375082015991 0
1693628529634 3.609764337539673 0
1693628529737 3.6187233924865723 0
1693628529838 3.6245174407958984 0
1693628529925 3.6331419944763184 0
1693628530018 3.6679184436798096 0
1693628530118 3.7657766342163086 0
1693628530217 3.8762059211730957 0
1693628530311 3.9106876850128174 0
1693628530404 3.922358989715576 0
1693628530501 3.959460496902466 0
1693628530585 3.9843337535858154 0
1693628530674 3.9921343326568604 0
1693628530765 4.0132365226745605 0
1693628530844 4.01724100112915 0
1693628530946 4.0243096351623535 0
1693628531048 4.029983043670654 0
1693628531148 4.044159412384033 0
1693628531239 4.06787633895874 0
1693628531317 4.091608047485352 0
1693628531409 4.116483688354492 0
1693628531501 4.151620388031006 0
1693628531594 4.182026386260986 0
1693628531683 4.210643768310547 0
1693628531777 4.226658344268799 0
1693628531869 4.230991840362549 0
1693628531959 4.23537540435791 0
1693628532052 4.242958068847656 0
1693628532149 4.2553791999816895 0
1693628532245 4.258706092834473 0
1693628532340 4.265137672424316 0
1693628532437 4.272307395935059 0
1693628532544 4.279325008392334 0
1693628532648 4.315621376037598 0
1693628532741 4.343072891235352 0
1693628532847 4.357214450836182 0
1693628532938 4.370985984802246 0
1693628533035 4.391411781311035 0
1693628533134 4.4084625244140625 0
1693628533238 4.415329933166504 0
1693628533381 4.428647994995117 0
1693628533487 4.430392742156982 0
1693628533584 4.439150810241699 0
1693628533694 4.442079544067383 0
1693628533805 4.449256896972656 0
1693628533905 4.4543585777282715 0
1693628534012 4.466413974761963 0
1693628534119 4.480336666107178 0
1693628534217 4.485262393951416 0
1693628534309 4.486484527587891 0
1693628534402 4.495938301086426 0
1693628534516 4.507096290588379 0
1693628534615 4.526092529296875 0
1693628534702 4.533649921417236 0
1693628534805 4.538108825683594 0
1693628534922 4.543605327606201 0
1693628535036 4.633090019226074 0
1693628535141 4.676829814910889 0
1693628535256 4.677392482757568 0
1693628535380 4.683435440063477 0
1693628535486 4.717924118041992 0
1693628535607 4.73138952255249 0
1693628535708 4.752998352050781 0
1693628535820 4.777020454406738 0
1693628535917 4.779323577880859 0
1693628536003 4.795892715454102 0
1693628536106 4.796781063079834 0
1693628536209 4.80280065536499 0
1693628536319 4.808953762054443 0
1693628536427 4.815104961395264 0
1693628536536 4.834090709686279 0
1693628536642 4.836156368255615 0
1693628536738 4.840441703796387 0
1693628536836 4.840972900390625 0
1693628536937 4.849084854125977 0
1693628537035 4.85137939453125 0
1693628537124 4.863448143005371 0
1693628537228 4.863955497741699 0
1693628537351 4.878890514373779 0
1693628537461 4.88067102432251 0
1693628537566 4.886995315551758 0
1693628537681 4.896263599395752 0
1693628537785 4.925735950469971 0
1693628537896 4.9393815994262695 0
1693628538000 4.961022853851318 0
1693628538107 4.965506076812744 0
1693628538206 4.975424766540527 0
1693628538317 4.998345375061035 0
1693628538430 5.013206481933594 0
1693628538542 5.0298919677734375 0
1693628538638 5.034202575683594 0
1693628538742 5.035822868347168 0
1693628538841 5.05328893661499 0
1693628538937 5.128457069396973 0
1693628539032 5.249499797821045 0
1693628539122 5.272095680236816 0
1693628539228 5.297234535217285 0
1693628539340 5.310866832733154 0
1693628539424 5.315085411071777 0
1693628539520 5.342343807220459 0
1693628539630 5.434387683868408 0
1693628539732 5.472755432128906 0
1693628539828 5.506422996520996 0
1693628539921 5.549078464508057 0
1693628540022 5.568636417388916 0
1693628540149 5.572240352630615 0
1693628540267 5.574176788330078 0
1693628540378 5.576900005340576 0
1693628540488 5.5962700843811035 0
1693628540607 5.607375621795654 0
1693628540718 5.700509548187256 0
1693628540823 5.897622108459473 0
1693628540934 5.9382452964782715 0
1693628541045 5.952954292297363 0
1693628541157 6.062260150909424 0
1693628541259 6.073631286621094 0
1693628541368 6.085078239440918 0
1693628541484 6.128893852233887 0
1693628541596 6.161720275878906 0
1693628541698 6.182952404022217 0
1693628541806 6.217069625854492 0
1693628541914 6.249884605407715 0
1693628542024 6.274275302886963 0
1693628542130 6.278378486633301 0
1693628542250 6.3032121658325195 0
1693628542357 6.332680702209473 0
1693628542458 6.3902764320373535 0
1693628542569 6.449295520782471 0
1693628542694 6.455399990081787 0
1693628542810 6.464601993560791 0
1693628542934 6.4897050857543945 0
1693628543041 6.490145683288574 0
1693628543158 6.495599746704102 0
1693628543266 6.4996514320373535 0
1693628543368 6.505273342132568 0
1693628543487 6.506560802459717 0
1693628543600 6.507062911987305 0
1693628543702 6.523162364959717 0
1693628543804 6.539146423339844 0
1693628543909 6.556860446929932 0
1693628544019 6.582984447479248 0
1693628544124 6.586912631988525 0
1693628544223 6.621056079864502 0
1693628544322 6.636436939239502 0
1693628544439 6.662367820739746 0
1693628544533 6.766539573669434 0
1693628544639 6.847160339355469 0
1693628544733 6.89655876159668 0
1693628544836 6.901906490325928 0
1693628544937 6.902008533477783 0
1693628545045 6.907094955444336 0
1693628545144 6.949656009674072 0
1693628545291 6.964908599853516 0
1693628545387 6.970499515533447 0
1693628545493 6.9987473487854 0
1693628545604 7.03398323059082 0
1693628545699 7.041170120239258 0
1693628545795 7.055091381072998 0
1693628545892 7.0689496994018555 0
1693628546000 7.076691627502441 0
1693628546102 7.1006364822387695 0
1693628546201 7.107514381408691 0
1693628546290 7.112633228302002 0
1693628546387 7.128113269805908 0
1693628546481 7.184173107147217 0
1693628546570 7.231550216674805 0
1693628546669 7.259132385253906 0
1693628546768 7.260466575622559 0
1693628546854 7.3096513748168945 0
1693628546939 7.382185935974121 0
1693628547038 7.388463497161865 0
1693628547132 7.421698570251465 0
1693628547235 7.436209678649902 0
1693628547330 7.463037014007568 0
1693628547425 7.478209972381592 0
1693628547519 7.49129056930542 0
1693628547615 7.507317066192627 0
1693628547708 7.531174659729004 0
1693628547796 7.546482086181641 0
1693628547888 7.558926105499268 0
1693628547974 7.5739054679870605 0
1693628548061 7.6071271896362305 0
1693628548152 7.681778907775879 0
1693628548257 7.74336051940918 0
1693628548349 7.842039585113525 0
1693628548448 7.8682861328125 0
1693628548536 7.881261348724365 0
1693628548632 7.903379917144775 0
1693628548724 7.920729637145996 0
1693628548828 7.933089256286621 0
1693628548928 7.943715572357178 0
1693628549021 7.949238300323486 0
1693628549104 7.95372200012207 0
1693628549188 7.9675822257995605 0
1693628549285 7.982789516448975 0
1693628549376 7.993168830871582 0
1693628549467 8.000022888183594 0
1693628549564 8.006930351257324 0
1693628549661 8.024507522583008 0
1693628549758 8.077415466308594 0
1693628549861 8.105300903320312 0
1693628549954 8.133020401000977 0
1693628550051 8.145119667053223 0
1693628550142 8.149526596069336 0
1693628550232 8.163084983825684 0
1693628550331 8.170541763305664 0
1693628550426 8.174166679382324 0
1693628550518 8.18093204498291 0
1693628550607 8.18837833404541 0
1693628550694 8.190191268920898 0
1693628550782 8.192469596862793 0
1693628550883 8.198498725891113 0
1693628550974 8.201963424682617 0
1693628551072 8.204180717468262 0
1693628551163 8.216062545776367 0
1693628551253 8.232551574707031 0
1693628551372 8.233059883117676 0
1693628551480 8.233899116516113 0
1693628551600 8.235438346862793 0
1693628551718 8.240713119506836 0
1693628551828 8.245762825012207 0
1693628551917 8.259669303894043 0
1693628552005 8.29777717590332 0
1693628552093 8.309220314025879 0
1693628552186 8.311436653137207 0
1693628552276 8.31387710571289 0
1693628552363 8.316720008850098 0
1693628552454 8.322593688964844 0
1693628552535 8.329031944274902 0
1693628552631 8.332188606262207 0
1693628552731 8.3338623046875 0
1693628552824 8.334542274475098 0
1693628552919 8.334831237792969 0
1693628553018 8.340012550354004 0
1693628553104 8.348280906677246 0
1693628553199 8.352141380310059 0
1693628553290 8.354787826538086 0
1693628553375 8.36042594909668 0
1693628553472 8.36528205871582 0
1693628553557 8.369132041931152 0
1693628553647 8.372438430786133 0
1693628553739 8.378242492675781 0
1693628553832 8.38575267791748 0
1693628553924 8.418274879455566 0
1693628554021 8.427151679992676 0
1693628554110 8.428237915039062 0
1693628554205 8.431022644042969 0
1693628554290 8.43948745727539 0
1693628554379 8.458162307739258 0
1693628554472 8.496728897094727 0
1693628554588 8.504278182983398 0
1693628554689 8.516218185424805 0
1693628554780 8.526156425476074 0
1693628554870 8.538079261779785 0
1693628554962 8.54988956451416 0
1693628555060 8.576451301574707 0
1693628555166 8.591572761535645 0
1693628555276 8.618736267089844 0
1693628555375 8.648580551147461 0
1693628555474 8.688379287719727 0
1693628555588 8.70869255065918 0
1693628555687 8.727609634399414 0
1693628555787 8.740010261535645 0
1693628555881 8.749600410461426 0
1693628555976 8.761683464050293 0
1693628556073 8.773239135742188 0
1693628556169 8.80350399017334 0
1693628556282 8.808196067810059 0
1693628556383 8.813559532165527 0
1693628556471 8.827411651611328 0
1693628556555 8.839444160461426 0
1693628556642 8.848496437072754 0
1693628556739 8.85513687133789 0
1693628556828 8.861601829528809 0
1693628556914 8.872032165527344 0
1693628557003 8.872262954711914 0
1693628557091 8.875473976135254 0
1693628557180 8.882762908935547 0
1693628557266 8.896207809448242 0
1693628557358 8.91220760345459 0
1693628557443 8.918716430664062 0
1693628557541 8.925060272216797 0
1693628557644 8.933058738708496 0
1693628557745 8.961926460266113 0
1693628557826 8.980316162109375 0
1693628557920 8.987176895141602 0
1693628558010 8.994694709777832 0
1693628558098 9.000389099121094 0
1693628558188 9.016623497009277 0
1693628558285 9.020049095153809 0
1693628558390 9.022482872009277 0
1693628558485 9.027986526489258 0
1693628558581 9.030348777770996 0
1693628558682 9.031052589416504 0
1693628558783 9.033519744873047 0
1693628558875 9.035840034484863 0
1693628558972 9.03770637512207 0
1693628559072 9.04016399383545 0
1693628559179 9.050240516662598 0
1693628559275 9.055977821350098 0
1693628559380 9.06130313873291 0
1693628559478 9.063786506652832 0
1693628559567 9.06472396850586 0
1693628559670 9.069818496704102 0
1693628559759 9.085042953491211 0
1693628559849 9.087376594543457 0
1693628559947 9.087602615356445 0
1693628560040 9.088547706604004 0
1693628560140 9.094350814819336 0
1693628560241 9.09530258178711 0
1693628560337 9.10133171081543 0
1693628560430 9.110553741455078 0
1693628560518 9.111506462097168 0
1693628560624 9.111886024475098 0
1693628560724 9.115946769714355 0
1693628560815 9.119675636291504 0
1693628560902 9.119943618774414 0
1693628561002 9.122790336608887 0
1693628561104 9.124268531799316 0
1693628561182 9.127293586730957 0
1693628561284 9.12778091430664 0
1693628561384 9.131460189819336 0
1693628561484 9.13750171661377 0
1693628561590 9.151005744934082 0
1693628561681 9.18466567993164 0
1693628561774 9.209817886352539 0
1693628561865 9.212739944458008 0
1693628561961 9.237726211547852 0
1693628562060 9.24810791015625 0
1693628562155 9.268330574035645 0
1693628562240 9.276870727539062 0
1693628562331 9.280295372009277 0
1693628562425 9.289928436279297 0
1693628562514 9.291516304016113 0
1693628562606 9.300647735595703 0
1693628562699 9.303729057312012 0
1693628562790 9.304913520812988 0
1693628562884 9.306621551513672 0
1693628562971 9.307873725891113 0
1693628563059 9.312543869018555 0
1693628563136 9.321264266967773 0
1693628563222 9.32686710357666 0
1693628563309 9.337335586547852 0
1693628563394 9.351669311523438 0
1693628563489 9.35547924041748 0
1693628563583 9.359753608703613 0
1693628563664 9.367973327636719 0
1693628563748 9.371515274047852 0
1693628563839 9.376236915588379 0
1693628563917 9.376768112182617 0
1693628564002 9.377713203430176 0
1693628564086 9.380240440368652 0
1693628564177 9.383452415466309 0
1693628564265 9.385054588317871 0
1693628564350 9.391812324523926 0
1693628564437 9.394136428833008 0
1693628564516 9.398995399475098 0
1693628564604 9.399948120117188 0
1693628564688 9.4015531539917 0
1693628564780 9.404401779174805 0
1693628564867 9.404837608337402 0
1693628564950 9.408661842346191 0
1693628565041 9.409564971923828 0
1693628565131 9.41397476196289 0
1693628565224 9.418069839477539 0
1693628565322 9.431649208068848 0
1693628565401 9.453065872192383 0
1693628565491 9.492766380310059 0
1693628565581 9.506300926208496 0
1693628565668 9.517678260803223 0
1693628565756 9.529158592224121 0
1693628565841 9.551078796386719 0
1693628565922 9.556779861450195 0
1693628566008 9.590540885925293 0
1693628566100 9.616040229797363 0
1693628566190 9.637545585632324 0
1693628566284 9.643295288085938 0
1693628566369 9.661541938781738 0
1693628566460 9.678733825683594 0
1693628566550 9.684948921203613 0
1693628566639 9.685440063476562 0
1693628566715 9.70421314239502 0
1693628566801 9.718481063842773 0
1693628566897 9.728447914123535 0
1693628566987 9.732019424438477 0
1693628567076 9.735909461975098 0
1693628567154 9.740416526794434 0
1693628567243 9.74486255645752 0
1693628567339 9.746187210083008 0
1693628567426 9.75048542022705 0
1693628567519 9.789644241333008 0
1693628567604 9.84347915649414 0
1693628567681 9.857450485229492 0
1693628567768 9.885261535644531 0
1693628567854 9.888456344604492 0
1693628567948 9.891890525817871 0
1693628568026 9.892365455627441 0
1693628568101 9.91032886505127 0
1693628568185 9.93049430847168 0
1693628568287 9.93343734741211 0
1693628568395 9.935644149780273 0
1693628568487 9.936984062194824 0
1693628568564 9.937822341918945 0
1693628568644 9.941293716430664 0
1693628568729 9.941888809204102 0
1693628568812 9.944438934326172 0
1693628568894 9.949441909790039 0
1693628568979 9.956862449645996 0
1693628569066 9.960390090942383 0
1693628569151 9.971771240234375 0
1693628569236 9.973002433776855 0
1693628569322 9.983699798583984 0
1693628569405 9.993650436401367 0
1693628569487 10.004904747009277 0
1693628569577 10.005784034729004 0
1693628569681 10.007390975952148 0
1693628569769 10.010953903198242 0
1693628569855 10.013028144836426 0
1693628569932 10.043279647827148 0
1693628570016 10.057699203491211 0
1693628570096 10.0650053024292 0
1693628570181 10.067285537719727 0
1693628570272 10.06908893585205 0
1693628570356 10.07203197479248 0
1693628570444 10.082808494567871 0
1693628570542 10.089508056640625 0
1693628570626 10.093473434448242 0
1693628570711 10.094462394714355 0
1693628570796 10.096258163452148 0
1693628570882 10.09697437286377 0
1693628570970 10.098349571228027 0
1693628571065 10.100179672241211 0
1693628571141 10.101531028747559 0
1693628571227 10.102338790893555 0
1693628571318 10.103376388549805 0
1693628571416 10.104044914245605 0
1693628571504 10.113370895385742 0
1693628571600 10.122823715209961 0
1693628571691 10.124204635620117 0
1693628571784 10.129215240478516 0
1693628571877 10.141179084777832 0
1693628571977 10.14754867553711 0
1693628572093 10.168590545654297 0
1693628572191 10.196417808532715 0
1693628572282 10.207000732421875 0
1693628572382 10.218619346618652 0
1693628572474 10.234148025512695 0
1693628572568 10.255402565002441 0
1693628572659 10.278687477111816 0
1693628572747 10.310619354248047 0
1693628572838 10.316727638244629 0
1693628572937 10.318259239196777 0
1693628573035 10.321599960327148 0
1693628573135 10.32645034790039 0
1693628573228 10.329070091247559 0
1693628573312 10.32984447479248 0
1693628573410 10.330506324768066 0
1693628573506 10.331525802612305 0
1693628573599 10.331727981567383 0
1693628573691 10.332669258117676 0
1693628573782 10.333431243896484 0
1693628573870 10.333732604980469 0
1693628573962 10.334517478942871 0
1693628574060 10.335796356201172 0
1693628574153 10.339654922485352 0
1693628574242 10.341468811035156 0
1693628574332 10.343254089355469 0
1693628574422 10.346827507019043 0
1693628574511 10.347554206848145 0
1693628574605 10.350106239318848 0
1693628574705 10.351606369018555 0
1693628574791 10.354228973388672 0
1693628574875 10.362683296203613 0
1693628575002 10.364152908325195 0
1693628575101 10.364928245544434 0
1693628575203 10.37161922454834 0
1693628575299 10.37315559387207 0
1693628575394 10.375882148742676 0
1693628575488 10.381260871887207 0
1693628575578 10.39128589630127 0
1693628575674 10.43330192565918 0
1693628575761 10.508185386657715 0
1693628575852 10.575682640075684 0
1693628575947 10.655854225158691 0
1693628576045 10.706092834472656 0
1693628576138 10.756174087524414 0
1693628576240 10.780685424804688 0
1693628576335 10.78237533569336 0
1693628576440 10.783066749572754 0
1693628576540 10.786629676818848 0
1693628576636 10.799906730651855 0
1693628576739 10.80763053894043 0
1693628576839 10.815777778625488 0
1693628576937 10.819175720214844 0
1693628577028 10.823368072509766 0
1693628577125 10.82430648803711 0
1693628577234 10.830026626586914 0
1693628577323 10.845048904418945 0
1693628577417 10.853818893432617 0
1693628577532 10.887584686279297 0
1693628577628 10.903076171875 0
1693628577726 10.904420852661133 0
1693628577810 10.909845352172852 0
1693628577900 10.916187286376953 0
1693628577984 10.924447059631348 0
1693628578076 10.926254272460938 0
1693628578175 10.927910804748535 0
1693628578265 10.930644035339355 0
1693628578354 10.93575668334961 0
1693628578457 10.93970775604248 0
1693628578556 10.941997528076172 0
1693628578646 10.944623947143555 0
1693628578739 10.945110321044922 0
1693628578830 10.947295188903809 0
1693628578924 10.951072692871094 0
1693628579020 10.96894359588623 0
1693628579109 10.973187446594238 0
1693628579205 10.982603073120117 0
1693628579301 10.983622550964355 0
1693628579394 10.986754417419434 0
1693628579500 10.99743366241455 0
1693628579596 11.000391006469727 0
1693628579679 11.00385570526123 0
1693628579770 11.005553245544434 0
1693628579859 11.006426811218262 0
1693628579953 11.006592750549316 0
1693628580056 11.01140308380127 0
1693628580156 11.020533561706543 0
1693628580244 11.08469009399414 0
1693628580336 11.087132453918457 0
1693628580413 11.090752601623535 0
1693628580495 11.110200881958008 0
1693628580572 11.117911338806152 0
1693628580658 11.122699737548828 0
1693628580739 11.122934341430664 0
1693628580823 11.129487037658691 0
1693628580909 11.133480072021484 0
1693628580989 11.155632972717285 0
1693628581073 11.16250228881836 0
1693628581162 11.165515899658203 0
1693628581251 11.176393508911133 0
1693628581352 11.18294620513916 0
1693628581446 11.188238143920898 0
1693628581525 11.198123931884766 0
1693628581614 11.20255184173584 0
1693628581706 11.207205772399902 0
1693628581789 11.221261978149414 0
1693628581884 11.226903915405273 0
1693628581976 11.235339164733887 0
1693628582064 11.235749244689941 0
1693628582152 11.245477676391602 0
1693628582237 11.247177124023438 0
1693628582331 11.2550687789917 0
1693628582421 11.262249946594238 0
1693628582502 11.264182090759277 0
1693628582582 11.272039413452148 0
1693628582661 11.307637214660645 0
1693628582750 11.310202598571777 0
1693628582841 11.314559936523438 0
1693628582928 11.32252311706543 0
1693628583016 11.325884819030762 0
1693628583105 11.337235450744629 0
1693628583197 11.343330383300781 0
1693628583282 11.34839153289795 0
1693628583375 11.353148460388184 0
1693628583465 11.37234878540039 0
1693628583562 11.381719589233398 0
1693628583659 11.39790153503418 0
1693628583751 11.4107084274292 0
1693628583849 11.418477058410645 0
1693628583938 11.419426918029785 0
1693628584034 11.432918548583984 0
1693628584134 11.438815116882324 0
1693628584234 11.441140174865723 0
1693628584324 11.444621086120605 0
1693628584419 11.449978828430176 0
1693628584510 11.461398124694824 0
1693628584592 11.463616371154785 0
1693628584684 11.46631908416748 0
1693628584778 11.467523574829102 0
1693628584862 11.477450370788574 0
1693628584952 11.481730461120605 0
1693628585040 11.484132766723633 0
1693628585125 11.487076759338379 0
1693628585217 11.492873191833496 0
1693628585297 11.494058609008789 0
1693628585387 11.500041007995605 0
1693628585480 11.502762794494629 0
1693628585560 11.50701904296875 0
1693628585645 11.511926651000977 0
1693628585735 11.51379680633545 0
1693628585824 11.515777587890625 0
1693628585908 11.51850414276123 0
1693628585993 11.51914119720459 0
1693628586074 11.520696640014648 0
1693628586171 11.525300025939941 0
1693628586252 11.52746295928955 0
1693628586346 11.530279159545898 0
1693628586434 11.534248352050781 0
1693628586522 11.534648895263672 0
1693628586604 11.536048889160156 0
1693628586691 11.537975311279297 0
1693628586785 11.53881549835205 0
1693628586880 11.562128067016602 0
1693628586972 11.581781387329102 0
1693628587057 11.592521667480469 0
1693628587142 11.602789878845215 0
1693628587231 11.606403350830078 0
1693628587324 11.61705207824707 0
1693628587410 11.6367826461792 0
1693628587500 11.644268989562988 0
1693628587596 11.646413803100586 0
1693628587680 11.662537574768066 0
1693628587773 11.66408920288086 0
1693628587854 11.664660453796387 0
1693628587940 11.665749549865723 0
1693628588029 11.666435241699219 0
1693628588114 11.667366981506348 0
1693628588205 11.673392295837402 0
1693628588294 11.673660278320312 0
1693628588387 11.677688598632812 0
1693628588486 11.682148933410645 0
1693628588580 11.684761047363281 0
1693628588677 11.685300827026367 0
1693628588771 11.704172134399414 0
1693628588865 11.705546379089355 0
1693628588953 11.785634994506836 0
1693628589043 11.800163269042969 0
1693628589128 11.8013334274292 0
1693628589222 11.804999351501465 0
1693628589312 11.813102722167969 0
1693628589392 11.825671195983887 0
1693628589488 11.858199119567871 0
1693628589590 11.860727310180664 0
1693628589692 11.861528396606445 0
1693628589785 11.862648963928223 0
1693628589874 11.86732006072998 0
1693628589968 11.867966651916504 0
1693628590051 11.86888599395752 0
1693628590167 11.876319885253906 0
1693628590271 11.879796028137207 0
1693628590357 11.893196105957031 0
1693628590450 11.897170066833496 0
1693628590547 11.90161418914795 0
1693628590641 11.904315948486328 0
1693628590734 11.904549598693848 0
1693628590821 11.90495491027832 0
1693628590902 11.906845092773438 0
1693628591003 11.908414840698242 0
1693628591101 11.908936500549316 0
1693628591194 11.909540176391602 0
1693628591279 11.910122871398926 0
1693628591369 11.910408020019531 0
1693628591460 11.911089897155762 0
1693628591556 11.913328170776367 0
1693628591658 11.917157173156738 0
1693628591740 11.918475151062012 0
1693628591826 11.921454429626465 0
1693628591914 11.92443561553955 0
1693628592003 11.928382873535156 0
1693628592087 11.930392265319824 0
1693628592173 11.936928749084473 0
1693628592262 11.938515663146973 0
1693628592344 11.939943313598633 0
1693628592433 11.944666862487793 0
1693628592528 11.947273254394531 0
1693628592625 11.964716911315918 0
1693628592718 11.966524124145508 0
1693628592804 11.969958305358887 0
1693628592890 11.972959518432617 0
1693628592992 11.974302291870117 0
1693628593082 11.975638389587402 0
1693628593169 11.976890563964844 0
1693628593263 11.98283863067627 0
1693628593360 11.98288631439209 0
1693628593449 11.988696098327637 0
1693628593557 11.990509033203125 0
1693628593656 11.991591453552246 0
1693628593752 11.99417495727539 0
1693628593838 12.00096607208252 0
1693628593930 12.001989364624023 0
1693628594018 12.004761695861816 0
1693628594107 12.010835647583008 0
1693628594195 12.016718864440918 0
1693628594283 12.021754264831543 0
1693628594375 12.026151657104492 0
1693628594456 12.030823707580566 0
1693628594547 12.032641410827637 0
1693628594632 12.03282642364502 0
1693628594728 12.03392219543457 0
1693628594809 12.03632926940918 0
1693628594909 12.042095184326172 0
1693628594998 12.043304443359375 0
1693628595092 12.044052124023438 0
1693628595172 12.04486083984375 0
1693628595260 12.046231269836426 0
1693628595345 12.054864883422852 0
1693628595437 12.057235717773438 0
1693628595526 12.061187744140625 0
1693628595626 12.062140464782715 0
1693628595726 12.063554763793945 0
1693628595817 12.064643859863281 0
1693628595915 12.068607330322266 0
1693628595995 12.069479942321777 0
1693628596082 12.072489738464355 0
1693628596175 12.077564239501953 0
1693628596268 12.07763385772705 0
1693628596364 12.08254623413086 0
1693628596471 12.096607208251953 0
1693628596574 12.09931755065918 0
1693628596664 12.102834701538086 0
1693628596759 12.105058670043945 0
1693628596846 12.106329917907715 0
1693628596945 12.109782218933105 0
1693628597028 12.119816780090332 0
1693628597115 12.1265869140625 0
1693628597198 12.134833335876465 0
1693628597284 12.139902114868164 0
1693628597377 12.141481399536133 0
1693628597469 12.143779754638672 0
1693628597560 12.144889831542969 0
1693628597659 12.147789001464844 0
1693628597743 12.151951789855957 0
1693628597831 12.155677795410156 0
1693628597918 12.159553527832031 0
1693628598014 12.167200088500977 0
1693628598106 12.17341136932373 0
1693628598200 12.179500579833984 0
1693628598290 12.183915138244629 0
1693628598374 12.186386108398438 0
1693628598461 12.191473960876465 0
1693628598549 12.193365097045898 0
1693628598634 12.193471908569336 0
1693628598720 12.195237159729004 0
1693628598810 12.198945999145508 0
1693628598892 12.209626197814941 0
1693628598985 12.21083927154541 0
1693628599085 12.215974807739258 0
1693628599204 12.22400188446045 0
1693628599306 12.227121353149414 0
1693628599408 12.2299222946167 0
1693628599508 12.23299789428711 0
1693628599611 12.237543106079102 0
1693628599706 12.238107681274414 0
1693628599811 12.247259140014648 0
1693628599923 12.262157440185547 0
1693628600038 12.267545700073242 0
1693628600141 12.267972946166992 0
1693628600253 12.273987770080566 0
1693628600364 12.276888847351074 0
1693628600469 12.293770790100098 0
1693628600574 12.331921577453613 0
1693628600680 12.340492248535156 0
1693628600790 12.347197532653809 0
1693628600891 12.348380088806152 0
1693628600990 12.355000495910645 0
1693628601088 12.35638427734375 0
1693628601190 12.364583015441895 0
1693628601283 12.367486953735352 0
1693628601393 12.3792724609375 0
1693628601498 12.381722450256348 0
1693628601600 12.38917350769043 0
1693628601702 12.395711898803711 0
1693628601813 12.396084785461426 0
1693628601910 12.397469520568848 0
1693628602010 12.406086921691895 0
1693628602130 12.414630889892578 0
1693628602283 12.422398567199707 0
1693628602407 12.424644470214844 0
1693628602516 12.425590515136719 0
1693628602644 12.42767333984375 0
1693628602762 12.432848930358887 0
1693628602886 12.435111999511719 0
1693628603002 12.439848899841309 0
1693628603118 12.442330360412598 0
1693628603223 12.444587707519531 0
1693628603337 12.447826385498047 0
1693628603455 12.451738357543945 0
1693628603567 12.452264785766602 0
1693628603692 12.460817337036133 0
1693628603800 12.477075576782227 0
1693628603926 12.485468864440918 0
1693628604024 12.486600875854492 0
1693628604135 12.488454818725586 0
1693628604256 12.489385604858398 0
1693628604362 12.490556716918945 0
1693628604474 12.4950590133667 0
1693628604574 12.498112678527832 0
1693628604684 12.507198333740234 0
1693628604794 12.508660316467285 0
1693628604900 12.510692596435547 0
1693628605014 12.513871192932129 0
1693628605105 12.514619827270508 0
1693628605218 12.51903247833252 0
1693628605316 12.525195121765137 0
1693628605415 12.527936935424805 0
1693628605505 12.528538703918457 0
1693628605614 12.531922340393066 0
1693628605703 12.541172981262207 0
1693628605801 12.542654991149902 0
1693628605902 12.546342849731445 0
1693628605999 12.557374954223633 0
1693628606089 12.571226119995117 0
1693628606185 12.574125289916992 0
1693628606284 12.57630443572998 0
1693628606395 12.583889961242676 0
1693628606498 12.589591979980469 0
1693628606604 12.596270561218262 0
1693628606716 12.608957290649414 0
1693628606818 12.61153507232666 0
1693628606924 12.615151405334473 0
1693628607034 12.616907119750977 0
1693628607149 12.61782169342041 0
1693628607261 12.622389793395996 0
1693628607351 12.624978065490723 0
1693628607449 12.626997947692871 0
1693628607538 12.633481979370117 0
1693628607649 12.63448715209961 0
1693628607740 12.636548042297363 0
1693628607850 12.642134666442871 0
1693628607947 12.644773483276367 0
1693628608042 12.648691177368164 0
1693628608137 12.649218559265137 0
1693628608248 12.65132999420166 0
1693628608357 12.652169227600098 0
1693628608466 12.655879974365234 0
1693628608560 12.65691089630127 0
1693628608665 12.658354759216309 0
1693628608760 12.659736633300781 0
1693628608862 12.660760879516602 0
1693628608963 12.661206245422363 0
1693628609067 12.664112091064453 0
1693628609164 12.66688346862793 0
1693628609259 12.670125961303711 0
1693628609358 12.674651145935059 0
1693628609454 12.676289558410645 0
1693628609551 12.680413246154785 0
1693628609665 12.68172836303711 0
1693628609764 12.681914329528809 0
1693628609864 12.682235717773438 0
1693628609966 12.685406684875488 0
1693628610071 12.686776161193848 0
1693628610157 12.687305450439453 0
1693628610257 12.69275951385498 0
1693628610368 12.693906784057617 0
1693628610474 12.69553279876709 0
1693628610570 12.697311401367188 0
1693628610678 12.705910682678223 0
1693628610777 12.712883949279785 0
1693628610875 12.715039253234863 0
1693628610966 12.718680381774902 0
1693628611050 12.720191955566406 0
1693628611142 12.724003791809082 0
1693628611235 12.729753494262695 0
1693628611325 12.733428955078125 0
1693628611437 12.741480827331543 0
1693628611542 12.745312690734863 0
1693628611639 12.748343467712402 0
1693628611739 12.749613761901855 0
1693628611830 12.752826690673828 0
1693628611917 12.754237174987793 0
1693628612014 12.75441837310791 0
1693628612114 12.757000923156738 0
1693628612207 12.759693145751953 0
1693628612306 12.762786865234375 0
1693628612402 12.764117240905762 0
1693628612507 12.76513385772705 0
1693628612613 12.769017219543457 0
1693628612703 12.769746780395508 0
1693628612798 12.772828102111816 0
1693628612898 12.788207054138184 0
1693628612997 12.793270111083984 0
1693628613104 12.798661231994629 0
1693628613206 12.805665016174316 0
1693628613305 12.807018280029297 0
1693628613406 12.809539794921875 0
1693628613502 12.81328296661377 0
1693628613611 12.817207336425781 0
1693628613712 12.820626258850098 0
1693628613822 12.828633308410645 0
1693628613927 12.830933570861816 0
1693628614062 12.831785202026367 0
1693628614171 12.833463668823242 0
1693628614266 12.836270332336426 0
1693628614378 12.839357376098633 0
1693628614475 12.84268569946289 0
1693628614584 12.8499755859375 0
1693628614693 12.85175609588623 0
1693628614783 12.85417366027832 0
1693628614867 12.854951858520508 0
1693628614964 12.85578441619873 0
1693628615058 12.862278938293457 0
1693628615144 12.864624977111816 0
1693628615246 12.865612983703613 0
1693628615347 12.866477012634277 0
1693628615442 12.86829662322998 0
1693628615529 12.870757102966309 0
1693628615640 12.875181198120117 0
1693628615735 12.878030776977539 0
1693628615829 12.87869930267334 0
1693628615927 12.879984855651855 0
1693628616017 12.881036758422852 0
1693628616101 12.884245872497559 0
1693628616202 12.890422821044922 0
1693628616291 12.895153045654297 0
1693628616404 12.897624969482422 0
1693628616502 12.89825439453125 0
1693628616601 12.899809837341309 0
1693628616691 12.902546882629395 0
1693628616785 12.902888298034668 0
1693628616876 12.908315658569336 0
1693628616969 12.913833618164062 0
1693628617054 12.919964790344238 0
1693628617150 12.920783996582031 0
1693628617245 12.922506332397461 0
1693628617350 12.923439025878906 0
1693628617436 12.92501163482666 0
1693628617522 12.925481796264648 0
1693628617618 12.92680549621582 0
1693628617707 12.927627563476562 0
1693628617802 12.928653717041016 0
1693628617900 12.928975105285645 0
1693628617988 12.931344032287598 0
1693628618077 12.932339668273926 0
1693628618167 12.932842254638672 0
1693628618258 12.93339729309082 0
1693628618362 12.934700965881348 0
1693628618478 12.93600845336914 0
1693628618572 12.93851089477539 0
1693628618669 12.939362525939941 0
1693628618762 12.94064998626709 0
1693628618850 12.942569732666016 0
1693628618937 12.943172454833984 0
1693628619027 12.944281578063965 0
1693628619126 12.94457721710205 0
1693628619219 12.94588851928711 0
1693628619315 12.94858455657959 0
1693628619412 12.951118469238281 0
1693628619505 12.95199966430664 0
1693628619602 12.954524040222168 0
1693628619701 12.955792427062988 0
1693628619794 12.956568717956543 0
1693628619890 12.962886810302734 0
1693628619975 12.966053009033203 0
1693628620070 12.96903133392334 0
1693628620170 12.972166061401367 0
1693628620261 12.978226661682129 0
1693628620358 12.979870796203613 0
1693628620460 12.980559349060059 0
1693628620544 12.981341361999512 0
1693628620641 12.982131004333496 0
1693628620741 12.982625961303711 0
1693628620836 12.992897987365723 0
1693628620928 12.996500968933105 0
1693628621029 12.997450828552246 0
1693628621125 13.00025463104248 0
1693628621214 13.002098083496094 0
1693628621299 13.002588272094727 0
1693628621386 13.007853507995605 0
1693628621492 13.008755683898926 0
1693628621590 13.012232780456543 0
1693628621688 13.014822959899902 0
1693628621793 13.015790939331055 0
1693628621903 13.020240783691406 0
1693628621999 13.023730278015137 0
1693628622094 13.02432918548584 0
1693628622195 13.032380104064941 0
1693628622293 13.037500381469727 0
1693628622399 13.03799057006836 0
1693628622498 13.041364669799805 0
1693628622605 13.042159080505371 0
1693628622712 13.04835033416748 0
1693628622819 13.049783706665039 0
1693628622922 13.050402641296387 0
1693628623021 13.051668167114258 0
1693628623123 13.052499771118164 0
1693628623231 13.054118156433105 0
1693628623324 13.054553985595703 0
1693628623424 13.056548118591309 0
1693628623525 13.059125900268555 0
1693628623641 13.060100555419922 0
1693628623739 13.063780784606934 0
1693628623840 13.067401885986328 0
1693628623954 13.068763732910156 0
1693628624052 13.069629669189453 0
1693628624152 13.071751594543457 0
1693628624246 13.07404613494873 0
1693628624356 13.07616901397705 0
1693628624457 13.080205917358398 0
1693628624594 13.08163833618164 0
1693628624693 13.081770896911621 0
1693628624792 13.083619117736816 0
1693628624886 13.085037231445312 0
1693628624994 13.085661888122559 0
1693628625103 13.08643913269043 0
1693628625206 13.086682319641113 0
1693628625315 13.090826034545898 0
1693628625408 13.091792106628418 0
1693628625528 13.092649459838867 0
1693628625632 13.094444274902344 0
1693628625729 13.09622573852539 0
1693628625825 13.097233772277832 0
1693628625922 13.097705841064453 0
1693628626009 13.100212097167969 0
1693628626108 13.100515365600586 0
1693628626211 13.102684020996094 0
1693628626299 13.104348182678223 0
1693628626399 13.10680103302002 0
1693628626506 13.107389450073242 0
1693628626610 13.108453750610352 0
1693628626719 13.109813690185547 0
1693628626831 13.110505104064941 0
1693628626930 13.111906051635742 0
1693628627026 13.113117218017578 0
1693628627124 13.113812446594238 0
1693628627211 13.116325378417969 0
1693628627302 13.11790943145752 0
1693628627384 13.11833667755127 0
1693628627474 13.12091064453125 0
1693628627569 13.121686935424805 0
1693628627674 13.12299919128418 0
1693628627777 13.123764991760254 0
1693628627871 13.125164031982422 0
1693628627967 13.1322603225708 0
1693628628064 13.143914222717285 0
1693628628162 13.148575782775879 0
1693628628254 13.150321006774902 0
1693628628341 13.150947570800781 0
1693628628432 13.15283489227295 0
1693628628525 13.154109001159668 0
1693628628616 13.155729293823242 0
1693628628702 13.156269073486328 0
1693628628796 13.157732963562012 0
1693628628890 13.159167289733887 0
1693628628980 13.159584045410156 0
1693628629068 13.16042709350586 0
1693628629158 13.162765502929688 0
1693628629248 13.169763565063477 0
1693628629336 13.174180030822754 0
1693628629422 13.187980651855469 0
1693628629512 13.197830200195312 0
1693628629608 13.199746131896973 0
1693628629709 13.201568603515625 0
1693628629807 13.206700325012207 0
1693628629895 13.209006309509277 0
1693628629981 13.222991943359375 0
1693628630068 13.22391128540039 0
1693628630168 13.226519584655762 0
1693628630258 13.227532386779785 0
1693628630350 13.23047924041748 0
1693628630439 13.237183570861816 0
1693628630539 13.244436264038086 0
1693628630625 13.2523193359375 0
1693628630718 13.260330200195312 0
1693628630815 13.268671035766602 0
1693628630900 13.2726469039917 0
1693628630994 13.275191307067871 0
1693628631092 13.277986526489258 0
1693628631181 13.286843299865723 0
1693628631272 13.288351058959961 0
1693628631378 13.293851852416992 0
1693628631471 13.297953605651855 0
1693628631567 13.30188274383545 0
1693628631662 13.302791595458984 0
1693628631752 13.308436393737793 0
1693628631857 13.310364723205566 0
1693628631945 13.313212394714355 0
1693628632044 13.314685821533203 0
1693628632130 13.31721019744873 0
1693628632216 13.318000793457031 0
1693628632304 13.318991661071777 0
1693628632407 13.319354057312012 0
1693628632500 13.320369720458984 0
1693628632588 13.323447227478027 0
1693628632713 13.325806617736816 0
1693628632816 13.326127052307129 0
1693628632904 13.332965850830078 0
1693628633004 13.337434768676758 0
1693628633098 13.340194702148438 0
1693628633189 13.341958045959473 0
1693628633282 13.345885276794434 0
1693628633378 13.35068416595459 0
1693628633477 13.351436614990234 0
1693628633564 13.351912498474121 0
1693628633654 13.35293197631836 0
1693628633741 13.353453636169434 0
1693628633839 13.35930347442627 0
1693628633934 13.35992431640625 0
1693628634034 13.362201690673828 0
1693628634128 13.362871170043945 0
1693628634213 13.363910675048828 0
1693628634316 13.364141464233398 0
1693628634415 13.365538597106934 0
1693628634516 13.367499351501465 0
1693628634612 13.372553825378418 0
1693628634708 13.376779556274414 0
1693628634809 13.379173278808594 0
1693628634907 13.380840301513672 0
1693628635009 13.38376522064209 0
1693628635104 13.384469032287598 0
1693628635196 13.385279655456543 0
1693628635286 13.388731956481934 0
1693628635373 13.391304016113281 0
1693628635471 13.392156600952148 0
1693628635563 13.39573860168457 0
1693628635670 13.40114974975586 0
1693628635766 13.404975891113281 0
1693628635874 13.408984184265137 0
1693628635987 13.409784317016602 0
1693628636086 13.413736343383789 0
1693628636191 13.419052124023438 0
1693628636288 13.42415714263916 0
1693628636386 13.425329208374023 0
1693628636477 13.428079605102539 0
1693628636580 13.429773330688477 0
1693628636672 13.432649612426758 0
1693628636760 13.43865966796875 0
1693628636850 13.443780899047852 0
1693628636939 13.44477367401123 0
1693628637025 13.447792053222656 0
1693628637116 13.449467658996582 0
1693628637217 13.453481674194336 0
1693628637314 13.459433555603027 0
1693628637407 13.461105346679688 0
1693628637498 13.4685697555542 0
1693628637587 13.473593711853027 0
1693628637682 13.475401878356934 0
1693628637778 13.475698471069336 0
1693628637872 13.47608470916748 0
1693628637971 13.477354049682617 0
1693628638066 13.477699279785156 0
1693628638158 13.478181838989258 0
