1693628518950 0.19490142166614532 0
1693628519030 0.19631871581077576 0
1693628519100 0.15113797783851624 0
1693628519171 0.16459514200687408 0
1693628519245 0.2264493852853775 0
1693628519320 0.2911294996738434 0
1693628519392 0.2583698630332947 0
1693628519479 0.17013409733772278 0
1693628519561 0.09403674304485321 0
1693628519644 0.0842999815940857 0
1693628519728 0.0680316686630249 0
1693628519816 0.053807493299245834 0
1693628519899 0.05646802484989166 0
1693628519993 0.012166830711066723 0
1693628520091 0.013541446067392826 0
1693628520182 0.0020275693386793137 0
1693628520291 0.0048685516230762005 0
1693628520390 0.004866854287683964 0
1693628520479 0.005556255578994751 0
1693628520568 0.004292491357773542 0
1693628520662 0.012733918614685535 0
1693628520750 0.010915467515587807 0
1693628520852 0.011276681907474995 0
1693628520942 0.013502800837159157 0
1693628521032 0.03815382719039917 0
1693628521121 0.010450035333633423 0
1693628521216 0.0048750704154372215 0
1693628521306 0.0026433805469423532 0
1693628521391 0.0017431534361094236 0
1693628521480 0.07202614098787308 0
1693628521567 0.036653026938438416 0
1693628521657 0.03093278594315052 0
1693628521747 0.0006066528148949146 0
1693628521836 0.006499185226857662 0
1693628521928 0.019424166530370712 0
1693628522016 0.030340103432536125 0
1693628522102 0.024687521159648895 0
1693628522195 0.026257198303937912 0
1693628522281 0.018843356519937515 0
1693628522365 0.03764132410287857 0
1693628522448 0.025541456416249275 0
1693628522532 0.039464302361011505 0
1693628522624 0.009639725089073181 0
1693628522714 0.024399809539318085 0
1693628522806 0.0022738201078027487 0
1693628522898 0.008066244423389435 0
1693628522990 0.009355180896818638 0
1693628523082 0.02245355397462845 0
1693628523167 0.025700319558382034 0
1693628523257 0.05483795329928398 0
1693628523336 0.041414182633161545 0
1693628523418 0.032931528985500336 0
1693628523505 0.07372341305017471 0
1693628523602 0.14088550209999084 0
1693628523691 0.028615111485123634 0
1693628523784 0.004226566758006811 0
1693628523874 0.007851570844650269 0
1693628523952 0.0047145625576376915 0
1693628524038 0.002989241387695074 0
1693628524122 0.030043981969356537 0
1693628524212 0.011179773136973381 0
1693628524303 0.014519096352159977 0
1693628524397 0.008275757543742657 0
1693628524489 0.009975505992770195 0
1693628524574 0.01757301390171051 0
1693628524663 0.03461826220154762 0
1693628524755 0.02993440069258213 0
1693628524847 0.012126748450100422 0
1693628524944 0.03512072190642357 0
1693628525032 0.004833778832107782 0
1693628525124 0.006879052612930536 0
1693628525214 0.00434282748028636 0
1693628525298 0.006131051108241081 0
1693628525386 0.012873712927103043 0
1693628525467 0.009731157682836056 0
1693628525544 0.024250272661447525 0
1693628525637 0.013492980971932411 0
1693628525719 0.0039918143302202225 0
1693628525812 0.0013493888545781374 0
1693628525898 0.009912642650306225 0
1693628525987 0.010828959755599499 0
1693628526069 0.007986637763679028 0
1693628526161 0.018520615994930267 0
1693628526251 0.002331226132810116 0
1693628526340 0.009254854172468185 0
1693628526422 0.00361111992970109 0
1693628526502 0.004632328171283007 0
1693628526588 0.006269124336540699 0
1693628526672 0.0012172479182481766 0
1693628526757 0.0022655255161225796 0
1693628526844 0.003147910349071026 0
1693628526931 0.005584621801972389 0
1693628527025 0.004109770990908146 0
1693628527112 0.005761772394180298 0
1693628527205 0.004762429278343916 0
1693628527300 0.010621262714266777 0
1693628527380 0.003474711673334241 0
1693628527472 0.007406884804368019 0
1693628527560 0.0165321696549654 0
1693628527654 0.02909286692738533 0
1693628527742 0.0004316229315008968 0
1693628527842 0.014346327632665634 0
1693628527939 0.009625660255551338 0
1693628528030 0.0028231933247298002 0
1693628528137 0.0041657364927232265 0
1693628528224 0.0034128138795495033 0
1693628528336 0.005848085042089224 0
1693628528442 0.005129227880388498 0
1693628528542 0.011822383850812912 0
1693628528639 0.015518180094659328 0
1693628528734 0.0054488638415932655 0
1693628528825 0.010816075839102268 0
1693628528930 0.009386668913066387 0
1693628529035 0.0019880973268300295 0
1693628529133 0.0021283237729221582 0
1693628529237 0.001679153647273779 0
1693628529359 0.0033112005330622196 0
1693628529453 0.0013114443281665444 0
1693628529538 0.004322908353060484 0
1693628529638 0.011389349587261677 0
1693628529741 0.00895900372415781 0
1693628529842 0.005794156342744827 0
1693628529929 0.008624503389000893 0
1693628530022 0.03477637097239494 0
1693628530122 0.09785821288824081 0
1693628530221 0.11042936146259308 0
1693628530314 0.03448186814785004 0
1693628530408 0.011671286076307297 0
1693628530504 0.037101566791534424 0
1693628530589 0.024873368442058563 0
1693628530678 0.007800652179867029 0
1693628530768 0.02110232040286064 0
1693628530847 0.004004545044153929 0
1693628530950 0.0070688314735889435 0
1693628531052 0.005673414561897516 0
1693628531152 0.014176150783896446 0
1693628531243 0.02371707744896412 0
1693628531320 0.023731818422675133 0
1693628531412 0.024875609204173088 0
1693628531504 0.035136789083480835 0
1693628531597 0.03040585294365883 0
1693628531686 0.02861720137298107 0
1693628531781 0.016014622524380684 0
1693628531873 0.0043337163515388966 0
1693628531962 0.004383671097457409 0
1693628532057 0.0075828395783901215 0
1693628532153 0.012420968152582645 0
1693628532249 0.003326934762299061 0
1693628532344 0.00643167644739151 0
1693628532441 0.007169910706579685 0
1693628532549 0.007017657160758972 0
1693628532652 0.036296404898166656 0
1693628532745 0.0274514053016901 0
1693628532852 0.01414169929921627 0
1693628532943 0.013771512545645237 0
1693628533040 0.020425939932465553 0
1693628533138 0.01705092191696167 0
1693628533253 0.006867479532957077 0
1693628533384 0.01331810187548399 0
1693628533492 0.001744622364640236 0
1693628533587 0.008757942356169224 0
1693628533698 0.002928944071754813 0
1693628533809 0.007177202496677637 0
1693628533909 0.005101809278130531 0
1693628534017 0.012055536732077599 0
1693628534125 0.013922718353569508 0
1693628534221 0.004925934597849846 0
1693628534312 0.0012222316581755877 0
1693628534407 0.009453626349568367 0
1693628534520 0.01115817204117775 0
1693628534618 0.018996436148881912 0
1693628534705 0.00755757512524724 0
1693628534809 0.004458989016711712 0
1693628534926 0.005496633239090443 0
1693628535040 0.08948492258787155 0
1693628535146 0.04373972862958908 0
1693628535261 0.0005627353093586862 0
1693628535385 0.006042920984327793 0
1693628535491 0.034488528966903687 0
1693628535611 0.013465258292853832 0
1693628535712 0.02160860411822796 0
1693628535824 0.024022044613957405 0
1693628535921 0.002302951877936721 0
1693628536007 0.016569117084145546 0
1693628536110 0.0008885546703822911 0
1693628536213 0.006019452586770058 0
1693628536323 0.006153244990855455 0
1693628536431 0.00615115649998188 0
1693628536540 0.018985893577337265 0
1693628536646 0.002065659500658512 0
1693628536742 0.004285373724997044 0
1693628536840 0.00053098623175174 0
1693628536941 0.00811182800680399 0
1693628537039 0.002294669160619378 0
1693628537127 0.012068734504282475 0
1693628537232 0.0005072287749499083 0
1693628537355 0.014934918843209743 0
1693628537466 0.001780702150426805 0
1693628537570 0.0063243708573281765 0
1693628537685 0.009268287569284439 0
1693628537790 0.029472338035702705 0
1693628537901 0.013645478524267673 0
1693628538005 0.021641060709953308 0
1693628538111 0.004483422730118036 0
1693628538211 0.009918767027556896 0
1693628538321 0.022920701652765274 0
1693628538435 0.014861244708299637 0
1693628538547 0.016685618087649345 0
1693628538642 0.004310423508286476 0
1693628538746 0.0016204749699681997 0
1693628538844 0.01746625080704689 0
1693628538941 0.07516816258430481 0
1693628539036 0.12104266881942749 0
1693628539126 0.022595888003706932 0
1693628539232 0.02513904869556427 0
1693628539344 0.013632322661578655 0
1693628539427 0.0042184097692370415 0
1693628539524 0.027258582413196564 0
1693628539634 0.0920436754822731 0
1693628539736 0.03836787864565849 0
1693628539832 0.03366735205054283 0
1693628539925 0.0426553338766098 0
1693628540026 0.01955813355743885 0
1693628540154 0.0036037862300872803 0
1693628540272 0.001936608925461769 0
1693628540382 0.002723243786022067 0
1693628540492 0.01937003992497921 0
1693628540611 0.011105475015938282 0
1693628540723 0.0931338369846344 0
1693628540827 0.1971123218536377 0
1693628540937 0.04062304645776749 0
1693628541050 0.014708951115608215 0
1693628541162 0.10930608212947845 0
1693628541263 0.011371340602636337 0
1693628541373 0.011446899734437466 0
1693628541490 0.04381560906767845 0
1693628541600 0.03282656520605087 0
1693628541703 0.021232083439826965 0
1693628541811 0.03411742299795151 0
1693628541919 0.03281484544277191 0
1693628542028 0.02439081110060215 0
1693628542134 0.0041032833978533745 0
1693628542254 0.02483372390270233 0
1693628542362 0.02946840599179268 0
1693628542462 0.057595573365688324 0
1693628542574 0.059019267559051514 0
1693628542699 0.006104613188654184 0
1693628542815 0.009202010929584503 0
1693628542939 0.025103140622377396 0
1693628543045 0.00044077011989429593 0
1693628543163 0.005454290192574263 0
1693628543271 0.004051707219332457 0
1693628543373 0.005621748976409435 0
1693628543492 0.0012875194661319256 0
1693628543604 0.0005022205878049135 0
1693628543707 0.016099248081445694 0
1693628543809 0.015984246507287025 0
1693628543914 0.01771419309079647 0
1693628544025 0.026124132797122 0
1693628544128 0.003928240388631821 0
1693628544227 0.03414338082075119 0
1693628544327 0.015380823984742165 0
1693628544444 0.0259309783577919 0
1693628544537 0.1041717380285263 0
1693628544644 0.08062083274126053 0
1693628544737 0.04939861223101616 0
1693628544842 0.005347821395844221 0
1693628544942 0.00010190447937930003 0
1693628545049 0.005086565390229225 0
1693628545149 0.04256107285618782 0
1693628545296 0.015252724289894104 0
1693628545392 0.005590999964624643 0
1693628545497 0.02824779599905014 0
1693628545609 0.03523584455251694 0
1693628545702 0.007186838425695896 0
1693628545799 0.013921387493610382 0
1693628545897 0.01385827548801899 0
1693628546004 0.007741890847682953 0
1693628546108 0.02394472062587738 0
1693628546207 0.006877920124679804 0
1693628546294 0.0051188054494559765 0
1693628546392 0.015480092726647854 0
1693628546486 0.056059762835502625 0
1693628546575 0.0473773330450058 0
1693628546674 0.027582082897424698 0
1693628546773 0.0013339829165488482 0
1693628546858 0.049184784293174744 0
1693628546944 0.07253456115722656 0
1693628547042 0.0062773339450359344 0
1693628547136 0.03323523700237274 0
1693628547239 0.014510974287986755 0
1693628547334 0.026827190071344376 0
1693628547429 0.015172846615314484 0
1693628547523 0.013080568984150887 0
1693628547618 0.016026467084884644 0
1693628547712 0.02385779097676277 0
1693628547799 0.015307451598346233 0
1693628547892 0.012444192543625832 0
1693628547977 0.014979134313762188 0
1693628548065 0.033221665769815445 0
1693628548156 0.07465177774429321 0
1693628548261 0.061581455171108246 0
1693628548352 0.09867902100086212 0
1693628548452 0.026246508583426476 0
1693628548541 0.012975020334124565 0
1693628548635 0.0221185851842165 0
1693628548728 0.017349746078252792 0
1693628548831 0.012359462678432465 0
1693628548932 0.010626289062201977 0
1693628549025 0.00552284624427557 0
1693628549109 0.004483579657971859 0
1693628549192 0.0138603700324893 0
1693628549289 0.015207281336188316 0
1693628549379 0.01037928182631731 0
1693628549472 0.006854301784187555 0
1693628549568 0.006907487753778696 0
1693628549666 0.017576808109879494 0
1693628549762 0.052907977253198624 0
1693628549864 0.02788509614765644 0
1693628549958 0.027719654142856598 0
1693628550055 0.012099544517695904 0
1693628550145 0.00440719909965992 0
1693628550237 0.01355845294892788 0
1693628550335 0.007456956431269646 0
1693628550429 0.0036246529780328274 0
1693628550522 0.006765036378055811 0
1693628550611 0.007445978932082653 0
1693628550697 0.001813284819945693 0
1693628550786 0.0022783754393458366 0
1693628550888 0.006029417738318443 0
1693628550978 0.003464619629085064 0
1693628551078 0.0022171386517584324 0
1693628551166 0.01188189722597599 0
1693628551258 0.016488857567310333 0
1693628551377 0.0005081855924800038 0
1693628551484 0.0008388102287426591 0
1693628551605 0.001539530698210001 0
1693628551722 0.0052748448215425014 0
1693628551832 0.005049568135291338 0
1693628551921 0.013906635344028473 0
1693628552009 0.03810812160372734 0
1693628552097 0.011443180963397026 0
1693628552190 0.00221630628220737 0
1693628552279 0.0024405072908848524 0
1693628552368 0.0028432614635676146 0
1693628552458 0.0058734845370054245 0
1693628552538 0.006438480690121651 0
1693628552634 0.003156379098072648 0
1693628552735 0.0016736745601519942 0
1693628552828 0.0006801713025197387 0
1693628552923 0.0002891579642891884 0
1693628553022 0.005180852487683296 0
1693628553107 0.008268117904663086 0
1693628553203 0.0038602142594754696 0
1693628553294 0.0026464099064469337 0
1693628553378 0.005638309754431248 0
1693628553477 0.004856203682720661 0
1693628553561 0.003849920118227601 0
1693628553650 0.00330626149661839 0
1693628553742 0.005803901236504316 0
1693628553835 0.00751048419624567 0
1693628553928 0.03252243250608444 0
1693628554025 0.008877124637365341 0
1693628554114 0.0010864466894418001 0
1693628554208 0.002784600481390953 0
1693628554294 0.00846443884074688 0
1693628554384 0.018674561753869057 0
1693628554477 0.03856677561998367 0
1693628554592 0.007548954337835312 0
1693628554692 0.011940374970436096 0
1693628554783 0.009938365779817104 0
1693628554874 0.011922397650778294 0
1693628554968 0.011810259893536568 0
1693628555064 0.026561753824353218 0
1693628555170 0.015121854841709137 0
1693628555280 0.02716384083032608 0
1693628555379 0.02984396554529667 0
1693628555478 0.039798952639102936 0
1693628555592 0.020313357934355736 0
1693628555691 0.018917089328169823 0
1693628555792 0.012400920502841473 0
1693628555886 0.009590265341103077 0
1693628555980 0.012083038687705994 0
1693628556077 0.011555850505828857 0
1693628556174 0.030264759436249733 0
1693628556287 0.004691993817687035 0
1693628556387 0.005362987983971834 0
1693628556475 0.013851708732545376 0
1693628556560 0.012032803148031235 0
1693628556647 0.009052395820617676 0
1693628556742 0.0066404808312654495 0
1693628556832 0.006464708596467972 0
1693628556918 0.010430045425891876 0
1693628557006 0.0002305320231243968 0
1693628557095 0.003210593480616808 0
1693628557184 0.0072891926392912865 0
1693628557270 0.013444582931697369 0
1693628557362 0.015999555587768555 0
1693628557447 0.006508772261440754 0
1693628557544 0.006344112567603588 0
1693628557647 0.007998030632734299 0
1693628557748 0.02886778488755226 0
1693628557830 0.018389998003840446 0
1693628557925 0.006860729306936264 0
1693628558014 0.007517555262893438 0
1693628558103 0.005693970248103142 0
1693628558192 0.01623482257127762 0
1693628558288 0.0034251685719937086 0
1693628558394 0.002433719579130411 0
1693628558489 0.005503750406205654 0
1693628558586 0.0023622235748916864 0
1693628558687 0.0007038240437395871 0
1693628558786 0.0024672704748809338 0
1693628558878 0.002320521976798773 0
1693628558977 0.0018662610091269016 0
1693628559077 0.0024577772710472345 0
1693628559183 0.010076968930661678 0
1693628559279 0.005737141240388155 0
1693628559384 0.005325657781213522 0
1693628559482 0.002483016811311245 0
1693628559572 0.0009369913605041802 0
1693628559675 0.005094524938613176 0
1693628559762 0.015224149450659752 0
1693628559854 0.0023333390709012747 0
1693628559952 0.0002262708730995655 0
1693628560045 0.0009448201162740588 0
1693628560144 0.005803249776363373 0
1693628560245 0.0009519034065306187 0
1693628560341 0.006029469892382622 0
1693628560434 0.009222331456840038 0
1693628560522 0.0009526174981147051 0
1693628560628 0.0003795505908783525 0
1693628560729 0.004060755483806133 0
1693628560819 0.003728392068296671 0
1693628560907 0.00026766903465613723 0
1693628561005 0.002846876159310341 0
1693628561108 0.001477798679843545 0
1693628561184 0.0030249240808188915 0
1693628561287 0.0004872711724601686 0
1693628561387 0.003678870853036642 0
1693628561489 0.006041872780770063 0
1693628561593 0.013504261150956154 0
1693628561685 0.03365970402956009 0
1693628561779 0.02515193074941635 0
1693628561868 0.002921932376921177 0
1693628561964 0.024985823780298233 0
1693628562064 0.010382131673395634 0
1693628562159 0.020222943276166916 0
1693628562244 0.008540106937289238 0
1693628562334 0.003424328751862049 0
1693628562430 0.009633174166083336 0
1693628562518 0.0015879409620538354 0
1693628562609 0.009131542406976223 0
1693628562703 0.003081146627664566 0
1693628562795 0.0011846295092254877 0
1693628562887 0.0017077978700399399 0
1693628562975 0.001251740613952279 0
1693628563062 0.004670430906116962 0
1693628563140 0.008720314130187035 0
1693628563225 0.005603180266916752 0
1693628563312 0.010468561202287674 0
1693628563397 0.014334075152873993 0
1693628563494 0.003809782210737467 0
1693628563587 0.004273953847587109 0
1693628563667 0.008220039308071136 0
1693628563751 0.0035422625951468945 0
1693628563842 0.004721347242593765 0
1693628563920 0.000531502184458077 0
1693628564007 0.0009453942766413093 0
1693628564090 0.0025267640594393015 0
1693628564181 0.0032116740476340055 0
1693628564268 0.001602533389814198 0
1693628564354 0.006757497787475586 0
1693628564440 0.0023238847497850657 0
1693628564520 0.004858539439737797 0
1693628564608 0.0009528999798931181 0
1693628564692 0.0016050869598984718 0
1693628564784 0.0028488188982009888 0
1693628564870 0.0004357201396487653 0
1693628564954 0.0038240975700318813 0
1693628565044 0.0009029378416016698 0
1693628565135 0.004409323446452618 0
1693628565227 0.004095401149243116 0
1693628565326 0.01357976719737053 0
1693628565405 0.021416429430246353 0
1693628565494 0.03970015048980713 0
1693628565585 0.013534427620470524 0
1693628565672 0.011377143673598766 0
1693628565760 0.011480452492833138 0
1693628565845 0.021920373663306236 0
1693628565925 0.005701330490410328 0
1693628566012 0.03376069664955139 0
1693628566104 0.025499556213617325 0
1693628566194 0.021505804732441902 0
1693628566287 0.005749338306486607 0
1693628566372 0.018247021362185478 0
1693628566465 0.017191562801599503 0
1693628566553 0.006215283181518316 0
1693628566643 0.0004909587441943586 0
1693628566719 0.018772689625620842 0
1693628566806 0.014268393628299236 0
1693628566900 0.009966910816729069 0
1693628566991 0.00357191264629364 0
1693628567079 0.0038896449841558933 0
1693628567158 0.004506612196564674 0
1693628567247 0.004445851780474186 0
1693628567343 0.0013247025199234486 0
1693628567430 0.004297830164432526 0
1693628567523 0.03915860131382942 0
1693628567608 0.05383533984422684 0
1693628567684 0.013971637934446335 0
1693628567771 0.027811069041490555 0
1693628567858 0.003195015946403146 0
1693628567952 0.0034340927377343178 0
1693628568029 0.00047519110376015306 0
1693628568105 0.017963048070669174 0
1693628568188 0.020165611058473587 0
1693628568292 0.0029434801544994116 0
1693628568400 0.002207014476880431 0
1693628568491 0.0013403507182374597 0
1693628568566 0.0008380117360502481 0
1693628568648 0.0034710473846644163 0
1693628568733 0.0005947852041572332 0
1693628568817 0.002549992175772786 0
1693628568898 0.0050025153905153275 0
1693628568984 0.007420125417411327 0
1693628569069 0.0035278690047562122 0
1693628569155 0.011381211690604687 0
1693628569240 0.001231187954545021 0
1693628569325 0.010697225108742714 0
1693628569409 0.009950893931090832 0
1693628569491 0.01125415600836277 0
1693628569581 0.0008791254367679358 0
1693628569685 0.0016069633420556784 0
1693628569773 0.0035626315511763096 0
1693628569858 0.002074061892926693 0
1693628569936 0.03025161847472191 0
1693628570020 0.014419468119740486 0
1693628570100 0.007306419312953949 0
1693628570185 0.0022802671883255243 0
1693628570277 0.001803274150006473 0
1693628570359 0.002943348838016391 0
1693628570448 0.01077640987932682 0
1693628570546 0.006699387449771166 0
1693628570629 0.003965049050748348 0
1693628570715 0.0009885194012895226 0
1693628570800 0.0017960037803277373 0
1693628570885 0.0007163411355577409 0
1693628570974 0.001375384395942092 0
1693628571069 0.0018300230149179697 0
1693628571144 0.0013512723380699754 0
1693628571232 0.0008075624937191606 0
1693628571322 0.0010376276914030313 0
1693628571420 0.0006680932710878551 0
1693628571508 0.009326125495135784 0
1693628571604 0.009452400729060173 0
1693628571695 0.0013809625525027514 0
1693628571787 0.005010668653994799 0
1693628571882 0.011963466182351112 0
1693628571982 0.006370031740516424 0
1693628572097 0.0210415069013834 0
1693628572195 0.027827303856611252 0
1693628572287 0.01058279536664486 0
1693628572388 0.011618655174970627 0
1693628572477 0.015528826043009758 0
1693628572573 0.021254710853099823 0
1693628572664 0.023284748196601868 0
1693628572752 0.03193208947777748 0
1693628572842 0.006108598317950964 0
1693628572942 0.0015319433296099305 0
1693628573040 0.0033410636242479086 0
1693628573140 0.004850368015468121 0
1693628573232 0.00262002507224679 0
1693628573316 0.0007740363362245262 0
1693628573414 0.0006613812292926013 0
1693628573510 0.0010192622430622578 0
1693628573603 0.00020239288278389722 0
1693628573695 0.0009408353944309056 0
1693628573786 0.0007622108678333461 0
1693628573875 0.00030182901537045836 0
1693628573966 0.0007844772189855576 0
1693628574064 0.0012792753987014294 0
1693628574157 0.0038582393899559975 0
1693628574246 0.0018139568855986 0
1693628574336 0.0017848601564764977 0
1693628574427 0.0035734495613723993 0
1693628574515 0.0007263363804668188 0
1693628574609 0.0025517786853015423 0
1693628574709 0.0015005767345428467 0
1693628574795 0.002622137079015374 0
1693628574879 0.008454333059489727 0
1693628575008 0.001469824812375009 0
1693628575106 0.0007750485674478114 0
1693628575207 0.0066913822665810585 0
1693628575304 0.001536218449473381 0
1693628575397 0.002726653590798378 0
1693628575493 0.005379100795835257 0
1693628575582 0.01002548448741436 0
1693628575678 0.04201576113700867 0
1693628575765 0.07488347589969635 0
1693628575856 0.06749680638313293 0
1693628575951 0.080171599984169 0
1693628576049 0.050238993018865585 0
1693628576142 0.05008169263601303 0
1693628576244 0.024511775001883507 0
1693628576339 0.001689518103376031 0
1693628576445 0.0006917089922353625 0
1693628576544 0.00356289348565042 0
1693628576641 0.013276582583785057 0
1693628576742 0.007723555434495211 0
1693628576844 0.008147476240992546 0
1693628576942 0.0033980405423790216 0
1693628577032 0.004192467778921127 0
1693628577130 0.0009384483564645052 0
1693628577238 0.005720231682062149 0
1693628577327 0.015021962113678455 0
1693628577421 0.008769556879997253 0
1693628577536 0.03376620635390282 0
1693628577631 0.015491032041609287 0
1693628577730 0.0013450088445097208 0
1693628577814 0.0054242475889623165 0
1693628577904 0.006341857835650444 0
1693628577988 0.008259633556008339 0
1693628578080 0.0018075363477692008 0
1693628578179 0.001656831824220717 0
1693628578269 0.002732856199145317 0
1693628578359 0.005112348590046167 0
1693628578461 0.003950805403292179 0
1693628578561 0.0022895713336765766 0
1693628578650 0.002626894973218441 0
1693628578744 0.00048672937555238605 0
1693628578834 0.0021847006864845753 0
1693628578928 0.0037777076940983534 0
1693628579026 0.01787063479423523 0
1693628579114 0.00424358481541276 0
1693628579209 0.00941537506878376 0
1693628579304 0.0010196377988904715 0
1693628579397 0.003131671342998743 0
1693628579505 0.010679399594664574 0
1693628579600 0.002957333577796817 0
1693628579682 0.003464704379439354 0
1693628579774 0.0016974203754216433 0
1693628579862 0.0008737570606172085 0
1693628579957 0.00016565861005801708 0
1693628580061 0.004810493439435959 0
1693628580160 0.009130663238465786 0
1693628580248 0.06415661424398422 0
1693628580339 0.0024423571303486824 0
1693628580416 0.0036205127835273743 0
1693628580498 0.019448228180408478 0
1693628580576 0.007710586301982403 0
1693628580661 0.004788687918335199 0
1693628580742 0.00023502872500102967 0
1693628580826 0.006552483420819044 0
1693628580912 0.003992805257439613 0
1693628580992 0.022153254598379135 0
1693628581076 0.006869716104120016 0
1693628581165 0.0030140606686472893 0
1693628581255 0.010877985507249832 0
1693628581356 0.0065526338294148445 0
1693628581449 0.005292166024446487 0
1693628581528 0.009885383769869804 0
1693628581617 0.0044283075258135796 0
1693628581710 0.0046540554612874985 0
1693628581792 0.014056585729122162 0
1693628581889 0.005642023868858814 0
1693628581980 0.008435595780611038 0
1693628582068 0.00040967564564198256 0
1693628582157 0.00972853135317564 0
1693628582240 0.0016996341291815042 0
1693628582335 0.007891466841101646 0
1693628582424 0.007181469351053238 0
1693628582505 0.0019319672137498856 0
1693628582585 0.007857054471969604 0
1693628582664 0.03559811785817146 0
1693628582755 0.002565305680036545 0
1693628582844 0.004357274621725082 0
1693628582932 0.007963070645928383 0
1693628583019 0.003362060058861971 0
1693628583109 0.011350556276738644 0
1693628583200 0.006094763521105051 0
1693628583287 0.005061028990894556 0
1693628583380 0.004757257644087076 0
1693628583469 0.019200537353754044 0
1693628583567 0.00937066413462162 0
1693628583663 0.016181863844394684 0
1693628583756 0.012806447222828865 0
1693628583852 0.007768974173814058 0
1693628583944 0.0009501323802396655 0
1693628584038 0.013491611927747726 0
1693628584139 0.005896241869777441 0
1693628584237 0.0023252577520906925 0
1693628584328 0.0034808749333024025 0
1693628584423 0.005357356742024422 0
1693628584514 0.011418967507779598 0
1693628584596 0.002218143315985799 0
1693628584687 0.0027025591116398573 0
1693628584782 0.001204464235343039 0
1693628584865 0.009926462545990944 0
1693628584956 0.004280379507690668 0
1693628585043 0.002402454148977995 0
1693628585129 0.0029435523319989443 0
1693628585220 0.005796635057777166 0
1693628585301 0.0011850384762510657 0
1693628585391 0.005982853472232819 0
1693628585484 0.0027221939526498318 0
1693628585565 0.004256344400346279 0
1693628585649 0.004908079747110605 0
1693628585739 0.0018700086511671543 0
1693628585828 0.0019808767829090357 0
1693628585912 0.002726492006331682 0
1693628585996 0.0006374992663040757 0
1693628586077 0.00155532150529325 0
1693628586175 0.004603341221809387 0
1693628586257 0.002162898425012827 0
1693628586350 0.0028166656848043203 0
1693628586438 0.003969112876802683 0
1693628586527 0.00040041847387328744 0
1693628586607 0.0013996930792927742 0
1693628586695 0.0019263384165242314 0
1693628586790 0.0008405146654695272 0
1693628586884 0.023312373086810112 0
1693628586976 0.019653383642435074 0
1693628587060 0.010740002617239952 0
1693628587147 0.010267898440361023 0
1693628587234 0.003613670589402318 0
1693628587328 0.010648733004927635 0
1693628587414 0.019730251282453537 0
1693628587506 0.007486497517675161 0
1693628587600 0.0021447911858558655 0
1693628587684 0.016123978421092033 0
1693628587777 0.0015513801481574774 0
1693628587858 0.0005710482364520431 0
1693628587945 0.0010894022416323423 0
1693628588032 0.0006861250149086118 0
1693628588118 0.0009317133808508515 0
1693628588209 0.006024873815476894 0
1693628588298 0.000267739495029673 0
1693628588391 0.004028076771646738 0
1693628588491 0.004460345953702927 0
1693628588584 0.002612270647659898 0
1693628588681 0.000539564760401845 0
1693628588775 0.018871191889047623 0
1693628588869 0.0013742957962676883 0
1693628588957 0.08008816838264465 0
1693628589047 0.014528494328260422 0
1693628589132 0.0011703483760356903 0
1693628589227 0.003665529889985919 0
1693628589317 0.00810299627482891 0
1693628589396 0.012568842619657516 0
1693628589493 0.032527510076761246 0
1693628589595 0.0025280832778662443 0
1693628589697 0.0008014937629923224 0
1693628589790 0.0011202316964045167 0
1693628589879 0.004671077243983746 0
1693628589972 0.000646222906652838 0
1693628590054 0.0009192823199555278 0
1693628590172 0.007433718536049128 0
1693628590275 0.003476000390946865 0
1693628590361 0.013400010764598846 0
1693628590454 0.003973749466240406 0
1693628590550 0.00444377725943923 0
1693628590646 0.002702112076804042 0
1693628590738 0.00023408076958730817 0
1693628590824 0.0004055963072460145 0
1693628590907 0.0018899401184171438 0
1693628591008 0.0015698173083364964 0
1693628591104 0.0005219310987740755 0
1693628591197 0.0006034153630025685 0
1693628591283 0.0005831222515553236 0
1693628591374 0.0002855366619769484 0
1693628591464 0.0006819685222581029 0
1693628591560 0.002237908309325576 0
1693628591662 0.0038288021460175514 0
1693628591744 0.0013183878036215901 0
1693628591830 0.0029788732063025236 0
1693628591918 0.002981544239446521 0
1693628592007 0.003946912009268999 0
1693628592091 0.002009791787713766 0
1693628592176 0.006536839529871941 0
1693628592266 0.001586622092872858 0
1693628592347 0.0014277701266109943 0
1693628592436 0.004723092541098595 0
1693628592531 0.002606654539704323 0
1693628592629 0.017443828284740448 0
1693628592721 0.0018069774378091097 0
1693628592808 0.003434233833104372 0
1693628592896 0.0030015527736395597 0
1693628592996 0.0013425227953121066 0
1693628593086 0.001336416113190353 0
1693628593174 0.001252494053915143 0
1693628593266 0.005948205012828112 0
1693628593364 4.784758493769914e-05 0
1693628593453 0.005809911992400885 0
1693628593562 0.0018134004203602672 0
1693628593661 0.0010822310578078032 0
1693628593757 0.0025839554145932198 0
1693628593842 0.006791368592530489 0
1693628593934 0.0010228503961116076 0
1693628594022 0.002772416453808546 0
1693628594111 0.006074246019124985 0
1693628594198 0.005883223842829466 0
1693628594287 0.00503526721149683 0
1693628594380 0.0043977308087050915 0
1693628594461 0.004671763628721237 0
1693628594551 0.0018174286233261228 0
1693628594636 0.00018484421889297664 0
1693628594732 0.0010953961173072457 0
1693628594812 0.0024067892227321863 0
1693628594914 0.005765905603766441 0
1693628595002 0.0012095440179109573 0
1693628595095 0.000748025719076395 0
1693628595177 0.0008088124450296164 0
1693628595264 0.001370260026305914 0
1693628595349 0.008633879944682121 0
1693628595441 0.0023709258530288935 0
1693628595530 0.003952170722186565 0
1693628595631 0.000952724542003125 0
1693628595730 0.001413956400938332 0
1693628595821 0.001089121913537383 0
1693628595919 0.0039636860601603985 0
1693628595999 0.0008723550708964467 0
1693628596087 0.0030095528345555067 0
1693628596179 0.0050748419016599655 0
1693628596272 6.948618101887405e-05 0
1693628596368 0.004911983851343393 0
1693628596475 0.014061281457543373 0
1693628596579 0.002710237167775631 0
1693628596667 0.0035171816125512123 0
1693628596764 0.0022238045930862427 0
1693628596850 0.001271648216061294 0
1693628596949 0.003451846307143569 0
1693628597032 0.010034133680164814 0
1693628597119 0.0067702098749578 0
1693628597201 0.008246797136962414 0
1693628597288 0.005068316124379635 0
1693628597381 0.0015794724458828568 0
1693628597473 0.00229843333363533 0
1693628597565 0.0011104319710284472 0
1693628597662 0.0028995631728321314 0
1693628597747 0.004162851721048355 0
1693628597835 0.0037261759862303734 0
1693628597922 0.003875372465699911 0
1693628598018 0.0076464260928332806 0
1693628598110 0.006211127154529095 0
1693628598204 0.006088937167078257 0
1693628598294 0.0044147600419819355 0
1693628598377 0.0024712251033633947 0
1693628598466 0.005088042933493853 0
1693628598553 0.0018911156803369522 0
1693628598638 0.00010702233703341335 0
1693628598725 0.0017655923729762435 0
1693628598814 0.0037085022777318954 0
1693628598897 0.010680032894015312 0
1693628598989 0.0012126101646572351 0
1693628599089 0.005135606974363327 0
1693628599209 0.00802732352167368 0
1693628599310 0.0031197485513985157 0
1693628599412 0.0028005975764244795 0
1693628599514 0.0030755172483623028 0
1693628599615 0.004545504227280617 0
1693628599710 0.0005647926591336727 0
1693628599817 0.009151102975010872 0
1693628599929 0.014898744411766529 0
1693628600043 0.0053879618644714355 0
1693628600146 0.0004273246449884027 0
1693628600257 0.006015175953507423 0
1693628600368 0.0029008304700255394 0
1693628600473 0.016881953924894333 0
1693628600579 0.03815110772848129 0
1693628600685 0.008571125566959381 0
1693628600795 0.006705175153911114 0
1693628600895 0.0011823705863207579 0
1693628600994 0.006620445754379034 0
1693628601093 0.0013835416175425053 0
1693628601194 0.00819826778024435 0
1693628601288 0.0029038875363767147 0
1693628601398 0.011785662733018398 0
1693628601502 0.0024495264515280724 0
1693628601605 0.007451158482581377 0
1693628601707 0.006538060028105974 0
1693628601817 0.00037319003604352474 0
1693628601914 0.0013849689858034253 0
1693628602015 0.008617104962468147 0
1693628602135 0.008544041775166988 0
1693628602289 0.007767654024064541 0
1693628602412 0.0022462436463683844 0
1693628602521 0.0009457199485041201 0
1693628602649 0.0020824710372835398 0
1693628602766 0.005175353493541479 0
1693628602891 0.0022626800928264856 0
1693628603009 0.004737280774861574 0
1693628603123 0.002481774426996708 0
1693628603227 0.00225764699280262 0
1693628603342 0.003239061450585723 0
1693628603460 0.003911792766302824 0
1693628603573 0.0005261832848191261 0
1693628603697 0.008552995510399342 0
1693628603806 0.016258180141448975 0
1693628603930 0.00839305855333805 0
1693628604028 0.0011321806814521551 0
1693628604141 0.001854384085163474 0
1693628604261 0.000930594396777451 0
1693628604369 0.001171546638943255 0
1693628604479 0.0045019155368208885 0
1693628604579 0.0030532176606357098 0
1693628604688 0.00908544473350048 0
1693628604799 0.0014624280156567693 0
1693628604905 0.002032349817454815 0
1693628605019 0.003178454702720046 0
1693628605110 0.0007489087292924523 0
1693628605223 0.004412749782204628 0
1693628605319 0.006163019221276045 0
1693628605419 0.002741339383646846 0
1693628605511 0.0006018470739945769 0
1693628605618 0.0033832162152975798 0
1693628605707 0.009250734001398087 0
1693628605805 0.0014819332864135504 0
1693628605906 0.0036877323873341084 0
1693628606004 0.01103198155760765 0
1693628606094 0.01385124959051609 0
1693628606190 0.0028993894811719656 0
1693628606289 0.002178962342441082 0
1693628606400 0.007585520856082439 0
1693628606502 0.005702408030629158 0
1693628606609 0.006678836885839701 0
1693628606721 0.012686977162957191 0
1693628606823 0.002577815903350711 0
1693628606929 0.003616062691435218 0
1693628607040 0.0017554685473442078 0
1693628607154 0.0009143436909653246 0
1693628607266 0.004568027798086405 0
1693628607355 0.002588554285466671 0
1693628607454 0.0020199064165353775 0
1693628607542 0.006483772303909063 0
1693628607654 0.0010049488628283143 0
1693628607744 0.0020608173217624426 0
1693628607854 0.005586157087236643 0
1693628607951 0.002638520672917366 0
1693628608046 0.0039175427518785 0
1693628608141 0.0005270253750495613 0
1693628608252 0.002111181616783142 0
1693628608361 0.0008393978350795805 0
1693628608470 0.0037109677214175463 0
1693628608564 0.001030801679007709 0
1693628608670 0.0014433898031711578 0
1693628608764 0.0013821551110595465 0
1693628608867 0.0010244427248835564 0
1693628608967 0.0004458184994291514 0
1693628609071 0.002905488247051835 0
1693628609169 0.002771683968603611 0
1693628609264 0.0032429657876491547 0
1693628609364 0.004525136202573776 0
1693628609458 0.0016381068853661418 0
1693628609557 0.004123867955058813 0
1693628609669 0.0013151132734492421 0
1693628609768 0.0001862388162408024 0
1693628609869 0.0003212934825569391 0
1693628609970 0.0031707342714071274 0
1693628610075 0.0013693708460777998 0
1693628610161 0.0005296440795063972 0
1693628610261 0.005453727673739195 0
1693628610373 0.0011472005862742662 0
1693628610479 0.0016257282113656402 0
1693628610577 0.0017784005030989647 0
1693628610682 0.008598806336522102 0
1693628610782 0.006973664741963148 0
1693628610879 0.002155699534341693 0
1693628610969 0.003640773706138134 0
1693628611055 0.0015118956798687577 0
1693628611147 0.0038118259981274605 0
1693628611239 0.005750118754804134 0
1693628611329 0.0036752880550920963 0
1693628611442 0.008051639422774315 0
1693628611547 0.0038314692210406065 0
1693628611643 0.003030520398169756 0
1693628611743 0.001270234351977706 0
1693628611835 0.0032127220183610916 0
1693628611921 0.0014106719754636288 0
1693628612018 0.00018160647596232593 0
1693628612118 0.002583026187494397 0
1693628612211 0.0026926822029054165 0
1693628612310 0.003093925304710865 0
1693628612406 0.0013299849815666676 0
1693628612511 0.0010163767728954554 0
1693628612616 0.0038832365535199642 0
1693628612707 0.0007294053211808205 0
1693628612803 0.003081005532294512 0
1693628612902 0.015379078686237335 0
1693628613001 0.005062827840447426 0
1693628613108 0.005390788894146681 0
1693628613210 0.0070037441328167915 0
1693628613309 0.0013535533798858523 0
1693628613411 0.00252170255407691 0
1693628613507 0.0037432038225233555 0
1693628613616 0.00392397353425622 0
1693628613717 0.0034193447791039944 0
1693628613828 0.00800682045519352 0
1693628613932 0.0023005737457424402 0
1693628614067 0.0008520983392372727 0
1693628614176 0.0016782555030658841 0
1693628614271 0.002807118697091937 0
1693628614382 0.003086877055466175 0
1693628614479 0.0033282379154115915 0
1693628614589 0.007290294859558344 0
1693628614697 0.0017803392838686705 0
1693628614787 0.0024179285392165184 0
1693628614871 0.0007777794380672276 0
1693628614967 0.0008329222910106182 0
1693628615062 0.006494120229035616 0
1693628615149 0.002345964778214693 0
1693628615250 0.000987999839708209 0
1693628615352 0.0008636119309812784 0
1693628615446 0.0018191577401012182 0
1693628615534 0.002460640389472246 0
1693628615645 0.0044245002791285515 0
1693628615739 0.002849217038601637 0
1693628615833 0.0006683568935841322 0
1693628615932 0.001286002341657877 0
1693628616020 0.001051457365974784 0
1693628616106 0.0032091024331748486 0
1693628616207 0.006177270319312811 0
1693628616295 0.004730099346488714 0
1693628616408 0.002471981570124626 0
1693628616507 0.000629847461823374 0
1693628616605 0.0015551935648545623 0
1693628616695 0.002737152623012662 0
1693628616789 0.00034187990240752697 0
1693628616880 0.005426956806331873 0
1693628616974 0.005517943762242794 0
1693628617059 0.006130931433290243 0
1693628617154 0.0008189988438971341 0
1693628617250 0.0017223687609657645 0
1693628617355 0.0009324575075879693 0
1693628617440 0.0015723337419331074 0
1693628617526 0.0004697026452049613 0
1693628617623 0.0013240999542176723 0
1693628617710 0.0008220091694965959 0
1693628617805 0.0010258547263219953 0
1693628617905 0.0003215912147425115 0
1693628617992 0.0023686871863901615 0
1693628618081 0.0009959067683666945 0
1693628618171 0.0005021526012569666 0
1693628618263 0.0005553517257794738 0
1693628618368 0.0013036841992288828 0
1693628618482 0.0013073678128421307 0
1693628618578 0.002502218121662736 0
1693628618672 0.0008516784873791039 0
1693628618766 0.0012870390200987458 0
1693628618855 0.0019199872622266412 0
1693628618941 0.0006024672766216099 0
1693628619031 0.0011086773592978716 0
1693628619130 0.00029588970937766135 0
1693628619223 0.0013110911240801215 0
1693628619318 0.002696108305826783 0
1693628619417 0.002533489605411887 0
1693628619509 0.0008810099679976702 0
1693628619607 0.0025246853474527597 0
1693628619706 0.0012681751977652311 0
1693628619798 0.0007766669732518494 0
1693628619894 0.006317708641290665 0
1693628619978 0.0031660418026149273 0
1693628620075 0.002978347474709153 0
1693628620174 0.003135015955194831 0
1693628620265 0.006060685496777296 0
1693628620363 0.0016438080929219723 0
1693628620465 0.0006881513982079923 0
1693628620547 0.000781845476012677 0
1693628620646 0.0007899639313109219 0
1693628620744 0.0004951906157657504 0
1693628620842 0.010271850973367691 0
1693628620932 0.0036029319744557142 0
1693628621032 0.0009497140999883413 0
1693628621129 0.0028039077296853065 0
1693628621218 0.0018432055367156863 0
1693628621302 0.0004903042572550476 0
1693628621391 0.005265180952847004 0
1693628621496 0.0009025116451084614 0
1693628621594 0.003477188292890787 0
1693628621693 0.0025903836358338594 0
1693628621798 0.0009676966001279652 0
1693628621907 0.004450212698429823 0
1693628622004 0.0034892717376351357 0
1693628622098 0.0005988433258607984 0
1693628622199 0.0080507081001997 0
1693628622297 0.005120663903653622 0
1693628622403 0.0004901596112176776 0
1693628622502 0.0033741395454853773 0
1693628622611 0.0007946143741719425 0
1693628622715 0.0061913346871733665 0
1693628622824 0.001433675060980022 0
1693628622926 0.0006192566361278296 0
1693628623026 0.0012650673743337393 0
1693628623128 0.0008320258348248899 0
1693628623236 0.001618402311578393 0
1693628623329 0.0004358839651104063 0
1693628623428 0.0019937006291002035 0
1693628623530 0.0025778773706406355 0
1693628623644 0.0009748918237164617 0
1693628623744 0.003680101130157709 0
1693628623844 0.00362090440467 0
1693628623959 0.0013616904616355896 0
1693628624056 0.0008656190475448966 0
1693628624156 0.0021217225585132837 0
1693628624250 0.002294495701789856 0
1693628624361 0.0021225048694759607 0
1693628624477 0.004036569036543369 0
1693628624598 0.0014323857612907887 0
1693628624697 0.0001322942116530612 0
1693628624798 0.001848394051194191 0
1693628624891 0.0014178872806951404 0
1693628624999 0.0006243202369660139 0
1693628625107 0.0007775875856168568 0
1693628625210 0.00024331107852049172 0
1693628625319 0.004143860191106796 0
1693628625414 0.000966312421951443 0
1693628625532 0.0008577785920351744 0
1693628625637 0.0017946240259334445 0
1693628625733 0.0017815737519413233 0
1693628625829 0.0010081444634124637 0
1693628625925 0.0004721499281004071 0
1693628626014 0.002506593707948923 0
1693628626112 0.0003033344983123243 0
1693628626215 0.0021687138359993696 0
1693628626303 0.0016643604030832648 0
1693628626402 0.002453161869198084 0
1693628626510 0.0005887785227969289 0
1693628626615 0.0010647288290783763 0
1693628626723 0.0013602505205199122 0
1693628626835 0.0006909389630891383 0
1693628626935 0.0014005531556904316 0
1693628627030 0.001210892340168357 0
1693628627128 0.0006950183305889368 0
1693628627215 0.0025131008587777615 0
1693628627305 0.0015842185821384192 0
1693628627388 0.0004270240606274456 0
1693628627477 0.00257415184751153 0
1693628627574 0.0007767286151647568 0
1693628627679 0.0013123509706929326 0
1693628627781 0.0007660711999051273 0
1693628627876 0.0013994775945320725 0
1693628627971 0.007096682209521532 0
1693628628068 0.011654192581772804 0
1693628628166 0.004661101847887039 0
1693628628258 0.0017455837223678827 0
1693628628345 0.0006265930132940412 0
1693628628437 0.0018874381203204393 0
1693628628529 0.0012744376435875893 0
1693628628620 0.0016202382976189256 0
1693628628707 0.000539912551175803 0
1693628628799 0.001463746652007103 0
1693628628894 0.0014338871696963906 0
1693628628984 0.0004169607418589294 0
1693628629072 0.0008434337796643376 0
1693628629162 0.002338176127523184 0
1693628629252 0.006997625343501568 0
1693628629340 0.004416901618242264 0
1693628629426 0.013800963759422302 0
1693628629517 0.00984992552548647 0
1693628629612 0.0019163619726896286 0
1693628629712 0.0018228729022666812 0
1693628629811 0.005131490062922239 0
1693628629899 0.0023055493365973234 0
1693628629984 0.013985882513225079 0
1693628630072 0.0009197179460898042 0
1693628630172 0.002608531853184104 0
1693628630262 0.0010126496199518442 0
1693628630353 0.002947301836684346 0
1693628630442 0.006704747211188078 0
1693628630543 0.007252616807818413 0
1693628630629 0.007882998324930668 0
1693628630722 0.008010553196072578 0
1693628630818 0.00834051612764597 0
1693628630904 0.0039757853373885155 0
1693628630999 0.0025440051686018705 0
1693628631098 0.0027949013747274876 0
1693628631186 0.00885662343353033 0
1693628631278 0.0015075091505423188 0
1693628631383 0.005500496365129948 0
1693628631475 0.004101328086107969 0
1693628631572 0.003929581958800554 0
1693628631666 0.0009089175146073103 0
1693628631757 0.0056447479873895645 0
1693628631861 0.0019284873269498348 0
1693628631949 0.0028475767467170954 0
1693628632049 0.0014732468407601118 0
1693628632135 0.0025239158421754837 0
1693628632219 0.0007905366364866495 0
1693628632308 0.0009904932230710983 0
1693628632411 0.00036240697954781353 0
1693628632508 0.0010155565105378628 0
1693628632593 0.0030776243656873703 0
1693628632717 0.0023593190126121044 0
1693628632819 0.00031997248879633844 0
1693628632911 0.006839273497462273 0
1693628633009 0.004469392821192741 0
1693628633102 0.002760092029348016 0
1693628633193 0.0017634020186960697 0
1693628633285 0.003927632234990597 0
1693628633382 0.00479847053065896 0
1693628633481 0.0007520703948102891 0
1693628633567 0.00047633307985961437 0
1693628633658 0.0010196288349106908 0
1693628633745 0.0005212987307459116 0
1693628633843 0.005850049667060375 0
1693628633938 0.0006204424425959587 0
1693628634039 0.002277148189023137 0
1693628634132 0.000669666042085737 0
1693628634217 0.0010395017452538013 0
1693628634321 0.00023099678219296038 0
1693628634420 0.0013969190185889602 0
1693628634521 0.001960934139788151 0
1693628634617 0.005054427310824394 0
1693628634712 0.004225365351885557 0
1693628634814 0.0023934433702379465 0
1693628634911 0.0016668647294864058 0
1693628635013 0.002925220411270857 0
1693628635108 0.0007036500028334558 0
1693628635200 0.0008109122281894088 0
1693628635290 0.003452516160905361 0
1693628635378 0.002572406083345413 0
1693628635474 0.0008523576543666422 0
1693628635567 0.0035818493925035 0
1693628635675 0.005411127582192421 0
1693628635770 0.003826586529612541 0
1693628635879 0.004007862415164709 0
1693628635993 0.0007997170905582607 0
1693628636091 0.003952077589929104 0
1693628636196 0.005315304733812809 0
1693628636292 0.0051046693697571754 0
1693628636390 0.0011720946058630943 0
1693628636481 0.0027506654150784016 0
1693628636584 0.0016932585276663303 0
1693628636676 0.002876315265893936 0
1693628636764 0.0060102310962975025 0
1693628636853 0.005121495109051466 0
1693628636942 0.0009925436461344361 0
1693628637028 0.003018525894731283 0
1693628637120 0.0016755706164985895 0
1693628637222 0.004013808444142342 0
1693628637318 0.005951705388724804 0
1693628637411 0.0016719275154173374 0
1693628637502 0.007464049383997917 0
1693628637592 0.005023864097893238 0
1693628637687 0.0018079188885167241 0
1693628637782 0.0002964902960229665 0
1693628637877 0.00038610160117968917 0
1693628637976 0.0012697839410975575 0
1693628638070 0.00034516467712819576 0
1693628638162 0.00048286281526088715 0
