0.012706508449190995
0.007449831945424417
0.005522206713171741
0.004573800849981945
0.004085722112430842
0.0038369402867561866
0.0036533020311050094
0.0035637529967084956
0.0035035864598067187
0.0034578026396210513
0.003452485358638588
0.0034370830889007215
0.0034206413008204214
0.0032591685599174364
0.0032789816905278713
0.0032938672938646702
0.0032870544132943187
0.003302287865659228
0.003283491736045851
0.003302312295116966
0.003302845192575506
0.003301860214160464
0.003325790169086462
0.003289780788627206
0.0032962705519164917
0.0033008743082351697
0.0033251887785989385
0.0032913583640817004
0.003324197294501463
0.0033117603977767234
0.0033066566695441335
0.003290242890413767
0.0033089820183620166
0.003313048668510724
0.0033571486302373258
0.003347513867696872
0.002830206201104566
0.0028514708101748678
0.00287497226963751
0.002901174789214635
0.0029075082876688293
0.0029145568829515543
0.0029191369699989667
0.0029220913700079144
0.0029239970093718343
0.0029251404321780756
0.002926730241492791
0.002926387474500238
0.0029266838547059547
0.002926914746899674
