0.015391710736140157
0.008275801095346839
0.0062356467482250055
0.005110383996689401
0.0045047013515669004
0.004116340089658537
0.0038843164774633875
0.0037034601269746587
0.0035641561643541837
0.0034963795324800886
0.003427815749202096
0.0034019982955714586
0.003350010236387495
0.003294099944724758
0.0033155569097045035
0.0032601186288457465
0.003272813248125235
0.003261698098838725
0.0032618652598968836
0.0032547953846929862
0.0032567200410855224
0.0032113903824547933
0.003257041813825412
0.003228039459406083
0.0032543360279183448
0.0032407781401181967
0.0032609724989212966
0.0032269874334832976
0.0032527211774772886
0.0032165794221040147
0.0032356326221324766
0.003242701699956508
0.0032373498438559205
0.003235687444590184
0.0032640128016985875
0.003249357551135072
0.003206596121295376
0.0032145404851509664
0.0027187852202927207
0.002729288740755846
0.002736375110427802
0.002741018842775397
0.0027445915013417535
0.0027465694476207815
0.0027482652425556407
0.002754230376646306
0.002749983320744143
0.00275086174610152
0.002751358401381733
0.002751723350810587
