0.037214671400128095
0.01715690582619296
0.012909881792714984
0.01078412257417848
0.008002486950835755
0.007194338958781165
0.006337701729086193
0.005812424837753082
0.0053739650337072675
0.005041930406749296
0.004785793696388697
0.004572209127724784
0.0043956753503106814
0.004240780108743878
0.00410903314470396
0.003994700456144217
0.0038921062228906476
0.0037989694565457965
0.003714113485191866
0.0036380883329105856
0.003569002284615336
0.003505716136070204
0.0034476344391137738
0.003395021084439646
0.003343964643965039
0.0032980706125698227
0.003255605453012299
0.0032154315838714047
0.0031783783609781392
0.0031437945820736004
0.0031116564453821157
0.00308165922200991
0.0030536675015965455
0.0030275888988214746
0.003003308229197017
0.0029807091293461573
0.002959692466833122
0.002940133820940693
0.002922298340274233
0.0029052308916417834
0.002889669507659406
0.0028752780681891555
0.002861982910883542
0.0028497154127785796
0.002838411069654895
0.0028280062084100974
0.0028184412851858932
0.002809658292179951
0.002801603479775058
0.0027942251118601453
